100 4950
0 1 317
0 2 282
0 3 596
0 4 425
0 5 341
0 6 534
0 7 153
0 8 550
0 9 364
0 10 138
0 11 363
0 12 362
0 13 552
0 14 309
0 15 187
0 16 659
0 17 212
0 18 784
0 19 186
0 20 77
0 21 270
0 22 115
0 23 106
0 24 512
0 25 72
0 26 306
0 27 156
0 28 764
0 29 371
0 30 58
0 31 417
0 32 312
0 33 624
0 34 332
0 35 491
0 36 359
0 37 287
0 38 838
0 39 296
0 40 84
0 41 253
0 42 138
0 43 319
0 44 507
0 45 115
0 46 544
0 47 216
0 48 641
0 49 321
0 50 154
0 51 363
0 52 261
0 53 428
0 54 391
0 55 176
0 56 629
0 57 112
0 58 618
0 59 354
0 60 93
0 61 576
0 62 207
0 63 378
0 64 444
0 65 231
0 66 678
0 67 268
0 68 660
0 69 216
0 70 159
0 71 224
0 72 427
0 73 517
0 74 434
0 75 380
0 76 411
0 77 163
0 78 819
0 79 269
0 80 63
0 81 249
0 82 295
0 83 173
0 84 254
0 85 228
0 86 627
0 87 398
0 88 597
0 89 50
0 90 149
0 91 436
0 92 139
0 93 507
0 94 561
0 95 137
0 96 741
0 97 208
0 98 737
0 99 355
1 2 378
1 3 882
1 4 705
1 5 602
1 6 726
1 7 467
1 8 676
1 9 517
1 10 454
1 11 102
1 12 491
1 13 869
1 14 626
1 15 475
1 16 886
1 17 510
1 18 826
1 19 210
1 20 259
1 21 139
1 22 367
1 23 423
1 24 828
1 25 389
1 26 605
1 27 455
1 28 920
1 29 355
1 30 352
1 31 199
1 32 389
1 33 928
1 34 614
1 35 764
1 36 485
1 37 599
1 38 999
1 39 323
1 40 359
1 41 220
1 42 351
1 43 594
1 44 815
1 45 354
1 46 780
1 47 528
1 48 660
1 49 187
1 50 471
1 51 194
1 52 348
1 53 716
1 54 700
1 55 468
1 56 764
1 57 339
1 58 744
1 59 464
1 60 409
1 61 280
1 62 447
1 63 667
1 64 751
1 65 494
1 66 725
1 67 581
1 68 777
1 69 528
1 70 203
1 71 204
1 72 493
1 73 834
1 74 740
1 75 458
1 76 519
1 77 403
1 78 923
1 79 386
1 80 277
1 81 271
1 82 278
1 83 354
1 84 555
1 85 541
1 86 788
1 87 668
1 88 662
1 89 292
1 90 287
1 91 120
1 92 233
1 93 760
1 94 861
1 95 415
1 96 976
1 97 511
1 98 827
1 99 222
2 3 568
2 4 399
2 5 601
2 6 351
2 7 319
2 8 304
2 9 141
2 10 358
2 11 473
2 12 114
2 13 662
2 14 458
2 15 445
2 16 518
2 17 290
2 18 507
2 19 179
2 20 321
2 21 434
2 22 189
2 23 319
2 24 612
2 25 308
2 26 355
2 27 409
2 28 545
2 29 128
2 30 244
2 31 322
2 32 31
2 33 646
2 34 329
2 35 732
2 36 107
2 37 391
2 38 623
2 39 74
2 40 219
2 41 160
2 42 152
2 43 302
2 44 555
2 45 397
2 46 422
2 47 432
2 48 359
2 49 228
2 50 334
2 51 261
2 52 31
2 53 423
2 54 459
2 55 433
2 56 391
2 57 175
2 58 374
2 59 89
2 60 302
2 61 651
2 62 173
2 63 383
2 64 495
2 65 500
2 66 400
2 67 467
2 68 411
2 69 341
2 70 369
2 71 174
2 72 147
2 73 624
2 74 484
2 75 652
2 76 148
2 77 444
2 78 565
2 79 22
2 80 231
2 81 107
2 82 121
2 83 115
2 84 327
2 85 434
2 86 411
2 87 648
2 88 322
2 89 236
2 90 141
2 91 457
2 92 188
2 93 416
2 94 576
2 95 410
2 96 610
2 97 445
2 98 475
2 99 228
3 4 178
3 5 628
3 6 333
3 7 454
3 8 482
3 9 457
3 10 501
3 11 950
3 12 495
3 13 294
3 14 367
3 15 567
3 16 247
3 17 384
3 18 733
3 19 680
3 20 673
3 21 865
3 22 516
3 23 507
3 24 262
3 25 538
3 26 291
3 27 550
3 28 479
3 29 685
3 30 544
3 31 886
3 32 582
3 33 121
3 34 269
3 35 633
3 36 503
3 37 330
3 38 508
3 39 642
3 40 530
3 41 705
3 42 531
3 43 288
3 44 157
3 45 649
3 46 210
3 47 483
3 48 704
3 49 785
3 50 460
3 51 824
3 52 587
3 53 168
3 54 236
3 55 562
3 56 479
3 57 543
3 58 494
3 59 526
3 60 511
3 61 1159
3 62 437
3 63 218
3 64 187
3 65 614
3 66 671
3 67 450
3 68 526
3 69 391
3 70 755
3 71 701
3 72 582
3 73 278
3 74 192
3 75 889
3 76 518
3 77 649
3 78 627
3 79 549
3 80 613
3 81 657
3 82 686
3 83 534
3 84 344
3 85 467
3 86 419
3 87 617
3 88 609
3 89 600
3 90 599
3 91 989
3 92 649
3 93 172
3 94 89
3 95 598
3 96 257
3 97 520
3 98 615
3 99 793
4 5 520
4 6 256
4 7 293
4 8 383
4 9 304
4 10 347
4 11 774
4 12 340
4 13 317
4 14 254
4 15 426
4 16 278
4 17 215
4 18 656
4 19 502
4 20 502
4 21 691
4 22 339
4 23 345
4 24 268
4 25 373
4 26 132
4 27 403
4 28 471
4 29 521
4 30 371
4 31 712
4 32 416
4 33 248
4 34 93
4 35 567
4 36 347
4 37 191
4 38 523
4 39 472
4 40 355
4 41 528
4 42 354
4 43 110
4 44 175
4 45 490
4 46 173
4 47 348
4 48 592
4 49 610
4 50 302
4 51 649
4 52 415
4 53 36
4 54 141
4 55 419
4 56 411
4 57 366
4 58 418
4 59 369
4 60 346
4 61 982
4 62 259
4 63 56
4 64 135
4 65 481
4 66 576
4 67 330
4 68 459
4 69 235
4 70 583
4 71 524
4 72 435
4 73 284
4 74 128
4 75 745
4 76 373
4 77 498
4 78 592
4 79 378
4 80 437
4 81 482
4 82 514
4 83 357
4 84 181
4 85 334
4 86 366
4 87 525
4 88 503
4 89 425
4 90 421
4 91 811
4 92 472
4 93 114
4 94 179
4 95 446
4 96 340
4 97 384
4 98 553
4 99 620
5 6 737
5 7 296
5 8 808
5 9 636
5 10 246
5 11 600
5 12 650
5 13 422
5 14 267
5 15 157
5 16 798
5 17 366
5 18 1072
5 19 525
5 20 357
5 21 491
5 22 412
5 23 283
5 24 412
5 25 294
5 26 397
5 27 193
5 28 972
5 29 707
5 30 361
5 31 746
5 32 632
5 33 589
5 34 457
5 35 163
5 36 650
5 37 331
5 38 1033
5 39 631
5 40 383
5 41 593
5 42 450
5 43 466
5 44 480
5 45 253
5 46 689
5 47 188
5 48 948
5 49 657
5 50 281
5 51 698
5 52 587
5 53 498
5 54 397
5 55 168
5 56 871
5 57 428
5 58 867
5 59 653
5 60 300
5 61 795
5 62 460
5 63 465
5 64 442
5 65 111
5 66 970
5 67 190
5 68 912
5 69 315
5 70 399
5 71 564
5 72 735
5 73 404
5 74 438
5 75 311
5 76 702
5 77 200
5 78 1066
5 79 584
5 80 404
5 81 588
5 82 635
5 83 486
5 84 367
5 85 195
5 86 847
5 87 67
5 88 887
5 89 390
5 90 486
5 91 717
5 92 479
5 93 633
5 94 553
5 95 204
5 96 855
5 97 162
5 98 1001
5 99 693
6 7 457
6 8 150
6 9 211
6 10 517
6 11 817
6 12 241
6 13 568
6 14 489
6 15 612
6 16 175
6 17 376
6 18 406
6 19 519
6 20 602
6 21 761
6 22 420
6 23 496
6 24 521
6 25 511
6 26 344
6 27 580
6 28 237
6 29 430
6 30 476
6 31 662
6 32 348
6 33 449
6 34 284
6 35 809
6 36 249
6 37 412
6 38 306
6 39 418
6 40 450
6 41 511
6 42 409
6 43 271
6 44 419
6 45 633
6 46 124
6 47 551
6 48 372
6 49 577
6 50 472
6 51 605
6 52 380
6 53 291
6 54 395
6 55 602
6 56 156
6 57 433
6 58 165
6 59 273
6 60 488
6 61 1002
6 62 327
6 63 296
6 64 390
6 65 672
6 66 337
6 67 550
6 68 204
6 69 423
6 70 673
6 71 522
6 72 293
6 73 538
6 74 384
6 75 905
6 76 235
6 77 660
6 78 338
6 79 341
6 80 514
6 81 459
6 82 468
6 83 388
6 84 369
6 85 541
6 86 112
6 87 755
6 88 277
6 89 509
6 90 453
6 91 809
6 92 510
6 93 168
6 94 392
6 95 610
6 96 267
6 97 582
6 98 297
6 99 569
7 8 514
7 9 340
7 10 60
7 11 516
7 12 354
7 13 403
7 14 163
7 15 155
7 16 553
7 17 84
7 18 776
7 19 305
7 20 226
7 21 420
7 22 139
7 23 53
7 24 361
7 25 86
7 26 164
7 27 123
7 28 694
7 29 438
7 30 119
7 31 543
7 32 350
7 33 473
7 34 204
7 35 414
7 36 355
7 37 135
7 38 762
7 39 365
7 40 124
7 41 361
7 42 178
7 43 201
7 44 355
7 45 198
7 46 437
7 47 114
7 48 654
7 49 440
7 50 16
7 51 484
7 52 312
7 53 288
7 54 239
7 55 145
7 56 581
7 57 166
7 58 575
7 59 360
7 60 60
7 61 728
7 62 164
7 63 240
7 64 293
7 65 216
7 66 674
7 67 148
7 68 620
7 69 65
7 70 307
7 71 340
7 72 443
7 73 367
7 74 283
7 75 458
7 76 407
7 77 209
7 78 776
7 79 299
7 80 193
7 81 337
7 82 383
7 83 210
7 84 112
7 85 115
7 86 563
7 87 334
7 88 591
7 89 177
7 90 236
7 91 585
7 92 259
7 93 390
7 94 412
7 95 157
7 96 626
7 97 134
7 98 707
7 99 467
8 9 186
8 10 570
8 11 774
8 12 195
8 13 700
8 14 584
8 15 667
8 16 308
8 17 442
8 18 276
8 19 483
8 20 607
8 21 737
8 22 436
8 23 541
8 24 651
8 25 547
8 26 440
8 27 632
8 28 246
8 29 340
8 30 497
8 31 575
8 32 288
8 33 596
8 34 383
8 35 902
8 36 199
8 37 505
8 38 325
8 39 353
8 40 469
8 41 456
8 42 413
8 43 363
8 44 555
8 45 661
8 46 274
8 47 621
8 48 222
8 49 506
8 50 529
8 51 525
8 52 334
8 53 419
8 54 512
8 55 656
8 56 88
8 57 439
8 58 70
8 59 215
8 60 529
8 61 940
8 62 357
8 63 411
8 64 518
8 65 728
8 66 193
8 67 632
8 68 111
8 69 496
8 70 666
8 71 475
8 72 191
8 73 668
8 74 510
8 75 930
8 76 157
8 77 697
8 78 269
8 79 303
8 80 514
8 81 406
8 82 400
8 83 382
8 84 451
8 85 615
8 86 125
8 87 837
8 88 127
8 89 514
8 90 435
8 91 741
8 92 488
8 93 313
8 94 536
8 95 652
8 96 393
8 97 647
8 98 193
8 99 488
9 10 393
9 11 610
9 12 38
9 13 602
9 14 438
9 15 489
9 16 379
9 17 279
9 18 436
9 19 312
9 20 422
9 21 562
9 22 250
9 23 361
9 24 551
9 25 364
9 26 306
9 27 454
9 28 413
9 29 233
9 30 311
9 31 456
9 32 140
9 33 549
9 34 260
9 35 745
9 36 46
9 37 361
9 38 491
9 39 209
9 40 284
9 41 301
9 42 227
9 43 234
9 44 475
9 45 475
9 46 289
9 47 452
9 48 321
9 49 367
9 50 356
9 51 397
9 52 170
9 53 335
9 54 399
9 55 478
9 56 267
9 57 253
9 58 255
9 59 71
9 60 347
9 61 791
9 62 177
9 63 306
9 64 423
9 65 549
9 66 334
9 67 472
9 68 297
9 69 335
9 70 484
9 71 313
9 72 132
9 73 566
9 74 412
9 75 744
9 76 75
9 77 513
9 78 455
9 79 131
9 80 329
9 81 248
9 82 258
9 83 197
9 84 299
9 85 449
9 86 276
9 87 672
9 88 251
9 89 329
9 90 254
9 91 598
9 92 310
9 93 293
9 94 481
9 95 470
9 96 471
9 97 474
9 98 375
9 99 362
10 11 491
10 12 405
10 13 418
10 14 175
10 15 97
10 16 611
10 17 143
10 18 829
10 19 314
10 20 199
10 21 390
10 22 170
10 23 41
10 24 381
10 25 67
10 26 215
10 27 63
10 28 754
10 29 470
10 30 128
10 31 550
10 32 389
10 33 510
10 34 261
10 35 376
10 36 405
10 37 173
10 38 822
10 39 395
10 40 144
10 41 376
10 42 209
10 43 259
10 44 391
10 45 148
10 46 495
10 47 81
10 48 703
10 49 451
10 50 46
10 51 494
10 52 347
10 53 339
10 54 277
10 55 86
10 56 639
10 57 191
10 58 633
10 59 408
10 60 59
10 61 704
10 62 216
10 63 293
10 64 331
10 65 158
10 66 726
10 67 131
10 68 677
10 69 112
10 70 276
10 71 351
10 72 490
10 73 385
10 74 322
10 75 400
10 76 457
10 77 152
10 78 834
10 79 340
10 80 193
10 81 360
10 82 407
10 83 244
10 84 166
10 85 91
10 86 623
10 87 290
10 88 643
10 89 177
10 90 256
10 91 573
10 92 267
10 93 447
10 94 452
10 95 100
10 96 683
10 97 87
10 98 763
10 99 481
11 12 586
11 13 909
11 14 667
11 15 493
11 16 972
11 17 570
11 18 928
11 19 298
11 20 292
11 21 109
11 22 435
11 23 466
11 24 872
11 25 432
11 26 665
11 27 479
11 28 1017
11 29 458
11 30 408
11 31 289
11 32 486
11 33 986
11 34 682
11 35 762
11 36 580
11 37 650
11 38 1096
11 39 422
11 40 421
11 41 318
11 42 426
11 43 664
11 44 870
11 45 368
11 46 863
11 47 557
11 48 762
11 49 289
11 50 516
11 51 294
11 52 442
11 53 782
11 54 754
11 55 487
11 56 862
11 57 410
11 58 843
11 59 560
11 60 456
11 61 213
11 62 523
11 63 733
11 64 807
11 65 500
11 66 827
11 67 611
11 68 877
11 69 579
11 70 217
11 71 299
11 72 594
11 73 876
11 74 796
11 75 406
11 76 617
11 77 409
11 78 1024
11 79 479
11 80 338
11 81 368
11 82 379
11 83 436
11 84 614
11 85 572
11 86 883
11 87 667
11 88 763
11 89 351
11 90 368
11 91 142
11 92 311
11 93 838
11 94 922
11 95 433
11 96 1060
11 97 535
11 98 928
11 99 323
12 13 635
12 14 463
12 15 499
12 16 413
12 17 300
12 18 426
12 19 291
12 20 415
12 21 544
12 22 252
12 23 370
12 24 584
12 25 370
12 26 335
12 27 463
12 28 431
12 29 195
12 30 313
12 31 421
12 32 107
12 33 587
12 34 293
12 35 764
12 36 8
12 37 387
12 38 510
12 39 177
12 40 285
12 41 273
12 42 223
12 43 266
12 44 510
12 45 476
12 46 326
12 47 468
12 48 300
12 49 336
12 50 370
12 51 364
12 52 144
12 53 371
12 54 431
12 55 488
12 56 280
12 57 250
12 58 265
12 59 33
12 60 355
12 61 763
12 62 190
12 63 341
12 64 457
12 65 559
12 66 322
12 67 491
12 68 304
12 69 355
12 70 472
12 71 288
12 72 99
12 73 598
12 74 446
12 75 741
12 76 53
12 77 516
12 78 461
12 79 109
12 80 322
12 81 221
12 82 226
12 83 190
12 84 324
12 85 466
12 86 297
12 87 688
12 88 239
12 89 323
12 90 240
12 91 568
12 92 294
12 93 331
12 94 518
12 95 475
12 96 505
12 97 488
12 98 376
12 99 328
13 14 243
13 15 434
13 16 533
13 17 382
13 18 972
13 19 702
13 20 618
13 21 807
13 22 526
13 23 446
13 24 51
13 25 481
13 26 307
13 27 437
13 28 758
13 29 790
13 30 522
13 31 937
13 32 686
13 33 200
13 34 343
13 35 371
13 36 641
13 37 280
13 38 795
13 39 726
13 40 521
13 41 750
13 42 559
13 43 369
13 44 152
13 45 551
13 46 462
13 47 356
13 48 906
13 49 833
13 50 398
13 51 876
13 52 668
13 53 281
13 54 205
13 55 435
13 56 724
13 57 556
13 58 733
13 59 658
13 60 460
13 61 1122
13 62 491
13 63 297
13 64 183
13 65 457
13 66 893
13 67 304
13 68 772
13 69 347
13 70 693
13 71 734
13 72 734
13 73 38
13 74 192
13 75 726
13 76 676
13 77 526
13 78 895
13 79 640
13 80 596
13 81 717
13 82 758
13 83 580
13 84 339
13 85 340
13 86 673
13 87 386
13 88 819
13 89 580
13 90 626
13 91 988
13 92 659
13 93 405
13 94 205
13 95 486
13 96 551
13 97 385
13 98 865
13 99 854
14 15 208
14 16 533
14 17 168
14 18 859
14 19 467
14 20 375
14 21 565
14 22 296
14 23 203
14 24 206
14 25 237
14 26 145
14 27 202
14 28 718
14 29 583
14 30 282
14 31 704
14 32 486
14 33 349
14 34 206
14 35 321
14 36 466
14 37 79
14 38 775
14 39 513
14 40 285
14 41 521
14 42 332
14 43 222
14 44 231
14 45 314
14 46 426
14 47 124
14 48 759
14 49 602
14 50 156
14 51 645
14 52 457
14 53 231
14 54 132
14 55 206
14 56 634
14 57 325
14 58 635
14 59 478
14 60 217
14 61 879
14 62 286
14 63 201
14 64 181
14 65 250
14 66 764
14 67 84
14 68 679
14 69 117
14 70 451
14 71 501
14 72 560
14 73 209
14 74 175
14 75 526
14 76 512
14 77 298
14 78 826
14 79 436
14 80 355
14 81 493
14 82 537
14 83 359
14 84 139
14 85 107
14 86 601
14 87 271
14 88 683
14 89 339
14 90 396
14 91 745
14 92 422
14 93 368
14 94 300
14 95 253
14 96 588
14 97 159
14 98 772
14 99 627
15 16 697
15 17 236
15 18 925
15 19 373
15 20 218
15 21 385
15 22 256
15 23 129
15 24 405
15 25 137
15 26 294
15 27 36
15 28 849
15 29 550
15 30 204
15 31 600
15 32 476
15 33 558
15 34 347
15 35 304
15 36 499
15 37 239
15 38 915
15 39 474
15 40 226
15 41 439
15 42 294
15 43 349
15 44 439
15 45 125
15 46 583
15 47 85
15 48 795
15 49 507
15 50 140
15 51 549
15 52 431
15 53 413
15 54 333
15 55 12
15 56 736
15 57 272
15 58 730
15 59 501
15 60 145
15 61 700
15 62 313
15 63 370
15 64 386
15 65 61
15 66 821
15 67 131
15 68 774
15 69 195
15 70 278
15 71 411
15 72 581
15 73 405
15 74 378
15 75 322
15 76 552
15 77 93
15 78 930
15 79 428
15 80 250
15 81 432
15 82 479
15 83 330
15 84 251
15 85 102
15 86 718
15 87 211
15 88 738
15 89 235
15 90 329
15 91 594
15 92 326
15 93 532
15 94 507
15 95 60
15 96 765
15 97 50
15 98 860
15 99 542
16 17 469
16 18 513
16 19 676
16 20 733
16 21 907
16 22 552
16 23 600
16 24 494
16 25 622
16 26 405
16 27 671
16 28 234
16 29 604
16 30 601
16 31 834
16 32 519
16 33 366
16 34 351
16 35 838
16 36 421
16 37 468
16 38 263
16 39 588
16 40 578
16 41 676
16 42 550
16 43 352
16 44 384
16 45 745
16 46 116
16 47 624
16 48 522
16 49 746
16 50 564
16 51 776
16 52 545
16 53 303
16 54 411
16 55 689
16 56 269
16 57 571
16 58 291
16 59 445
16 60 596
16 61 1164
16 62 458
16 63 334
16 64 383
16 65 755
16 66 471
16 67 609
16 68 311
16 69 503
16 70 810
16 71 684
16 72 468
16 73 511
16 74 382
16 75 1010
16 76 410
16 77 761
16 78 386
16 79 505
16 80 652
16 81 624
16 82 637
16 83 536
16 84 446
16 85 611
16 86 204
16 87 803
16 88 429
16 89 644
16 90 603
16 91 975
16 92 661
16 93 166
16 94 331
16 95 710
16 96 92
16 97 659
16 98 389
16 99 740
17 18 711
17 19 324
17 20 289
17 21 481
17 22 147
17 23 132
17 24 335
17 25 158
17 26 95
17 27 205
17 28 613
17 29 417
17 30 162
17 31 556
17 32 319
17 33 418
17 34 123
17 35 466
17 36 302
17 37 103
17 38 680
17 39 349
17 40 151
17 41 369
17 42 177
17 43 117
17 44 306
17 45 278
17 46 353
17 47 179
17 48 599
17 49 452
17 50 97
17 51 495
17 52 291
17 53 216
17 54 192
17 55 226
17 56 505
17 57 177
17 58 501
17 59 312
17 60 131
17 61 781
17 62 118
17 63 166
17 64 241
17 65 296
17 66 611
17 67 193
17 68 546
17 69 56
17 70 371
17 71 354
17 72 395
17 73 345
17 74 230
17 75 542
17 76 351
17 77 293
17 78 700
17 79 269
17 80 234
17 81 335
17 82 377
17 83 198
17 84 46
17 85 173
17 86 484
17 87 395
17 88 529
17 89 219
17 90 246
17 91 623
17 92 284
17 93 307
17 94 352
17 95 241
17 96 544
17 97 207
17 98 635
17 99 472
18 19 670
18 20 828
18 21 919
18 22 678
18 23 796
18 24 924
18 25 796
18 26 716
18 27 889
18 28 316
18 29 472
18 30 738
18 31 670
18 32 480
18 33 852
18 34 659
18 35 1175
18 36 427
18 37 780
18 38 363
18 39 523
18 40 711
18 41 622
18 42 647
18 43 638
18 44 824
18 45 899
18 46 525
18 47 887
18 48 167
18 49 639
18 50 792
18 51 641
18 52 533
18 53 692
18 54 788
18 55 913
18 56 254
18 57 673
18 58 241
18 59 431
18 60 782
18 61 1054
18 62 613
18 63 687
18 64 792
18 65 984
18 66 107
18 67 903
18 68 206
18 69 766
18 70 872
18 71 650
18 72 360
18 73 941
18 74 784
18 75 1159
18 76 375
18 77 942
18 78 182
18 79 516
18 80 737
18 81 583
18 82 557
18 83 611
18 84 723
18 85 883
18 86 315
18 87 1106
18 88 187
18 89 741
18 90 648
18 91 857
18 92 691
18 93 574
18 94 798
18 95 902
18 96 573
18 97 910
18 98 125
18 99 608
19 20 183
19 21 255
19 22 177
19 23 275
19 24 657
19 25 248
19 26 415
19 27 342
19 28 722
19 29 211
19 30 188
19 31 238
19 32 197
19 33 735
19 34 415
19 35 677
19 36 285
19 37 423
19 38 801
19 39 147
19 40 182
19 41 68
19 42 151
19 43 393
19 44 627
19 45 283
19 46 570
19 47 395
19 48 512
19 49 137
19 50 313
19 51 180
19 52 148
19 53 517
19 54 516
19 55 362
19 56 570
19 57 147
19 58 553
19 59 267
19 60 257
19 61 489
19 62 243
19 63 469
19 64 563
19 65 415
19 66 564
19 67 443
19 68 589
19 69 355
19 70 205
19 71 38
19 72 315
19 73 665
19 74 552
19 75 502
19 76 326
19 77 336
19 78 742
19 79 182
19 80 124
19 81 87
19 82 124
19 83 146
19 84 370
19 85 404
19 86 587
19 87 584
19 88 491
19 89 139
19 90 81
19 91 309
19 92 48
19 93 551
19 94 667
19 95 321
19 96 766
19 97 392
19 98 650
19 99 169
20 21 194
20 22 183
20 23 175
20 24 580
20 25 141
20 26 383
20 27 196
20 28 829
20 29 389
20 30 133
20 31 389
20 32 349
20 33 699
20 34 409
20 35 516
20 36 411
20 37 360
20 38 904
20 39 319
20 40 155
20 41 251
20 42 196
20 43 396
20 44 581
20 45 105
20 46 619
20 47 269
20 48 678
20 49 304
20 50 225
20 51 343
20 52 296
20 53 505
20 54 465
20 55 210
20 56 689
20 57 170
20 58 677
20 59 402
20 60 165
20 61 505
20 62 277
20 63 455
20 64 519
20 65 246
20 66 721
20 67 323
20 68 718
20 69 290
20 70 82
20 71 219
20 72 468
20 73 584
20 74 508
20 75 331
20 76 461
20 77 159
20 78 875
20 79 313
20 80 93
20 81 263
20 82 305
20 83 225
20 84 330
20 85 283
20 86 692
20 87 420
20 88 643
20 89 94
20 90 181
20 91 379
20 92 145
20 93 583
20 94 636
20 95 159
20 96 816
20 97 252
20 98 790
20 99 342
21 22 357
21 23 369
21 24 771
21 25 335
21 26 576
21 27 373
21 28 974
21 29 449
21 30 321
21 31 334
21 32 453
21 33 893
21 34 598
21 35 654
21 36 539
21 37 555
21 38 1052
21 39 398
21 40 337
21 41 297
21 42 356
21 43 583
21 44 775
21 45 260
21 46 795
21 47 452
21 48 757
21 49 298
21 50 419
21 51 318
21 52 403
21 53 696
21 54 659
21 55 380
21 56 824
21 57 336
21 58 807
21 59 522
21 60 360
21 61 316
21 62 450
21 63 646
21 64 713
21 65 391
21 66 815
21 67 506
21 68 845
21 69 484
21 70 114
21 71 270
21 72 569
21 73 774
21 74 703
21 75 320
21 76 582
21 77 300
21 78 997
21 79 435
21 80 257
21 81 339
21 82 362
21 83 373
21 84 523
21 85 468
21 86 838
21 87 558
21 88 744
21 89 267
21 90 309
21 91 234
21 92 252
21 93 764
21 94 830
21 95 326
21 96 993
21 97 429
21 98 905
21 99 338
22 23 130
22 24 481
22 25 120
22 26 240
22 27 220
22 28 649
22 29 301
22 30 61
22 31 411
22 32 220
22 33 562
22 34 247
22 35 546
22 36 251
22 37 246
22 38 723
22 39 227
22 40 33
22 41 225
22 42 39
22 43 229
22 44 452
22 45 225
22 46 439
22 47 247
22 48 541
22 49 307
22 50 151
22 51 350
22 52 177
22 53 349
22 54 339
22 55 244
22 56 514
22 57 30
22 58 504
22 59 248
22 60 112
22 61 643
22 62 95
22 63 300
22 64 388
22 65 312
22 66 572
22 67 287
22 68 546
22 69 181
22 70 257
22 71 208
22 72 327
22 73 489
22 74 377
22 75 494
22 76 303
22 77 264
22 78 705
22 79 172
22 80 100
22 81 198
22 82 244
22 83 75
22 84 193
22 85 251
22 86 512
22 87 459
22 88 490
22 89 92
22 90 100
22 91 478
22 92 137
22 93 407
22 94 495
22 95 225
22 96 637
22 97 256
22 98 625
22 99 331
23 24 407
23 25 35
23 26 216
23 27 93
23 28 732
23 29 430
23 30 88
23 31 512
23 32 350
23 33 525
23 34 255
23 35 416
23 36 370
23 37 186
23 38 802
23 39 354
23 40 104
23 41 336
23 42 169
23 43 249
23 44 407
23 45 146
23 46 484
23 47 121
23 48 666
23 49 412
23 50 50
23 51 455
23 52 307
23 53 341
23 54 291
23 55 118
23 56 612
23 57 150
23 58 605
23 59 371
23 60 18
23 61 679
23 62 185
23 63 293
23 64 345
23 65 189
23 66 692
23 67 169
23 68 649
23 69 118
23 70 255
23 71 312
23 72 453
23 73 411
23 74 335
23 75 412
23 76 423
23 77 164
23 78 806
23 79 301
23 80 156
23 81 319
23 82 366
23 83 205
23 84 165
23 85 129
23 86 599
23 87 329
23 88 609
23 89 139
23 90 215
23 91 542
23 92 228
23 93 439
23 94 464
23 95 114
23 96 675
23 97 127
23 98 733
23 99 442
24 25 441
24 26 257
24 27 405
24 28 716
24 29 740
24 30 479
24 31 891
24 32 636
24 33 184
24 34 292
24 35 381
24 36 590
24 37 234
24 38 756
24 39 677
24 40 477
24 41 704
24 42 512
24 43 318
24 44 110
24 45 519
24 46 418
24 47 325
24 48 856
24 49 787
24 50 358
24 51 829
24 52 619
24 53 232
24 54 154
24 55 406
24 56 676
24 57 510
24 58 685
24 59 607
24 60 419
24 61 1085
24 62 442
24 63 246
24 64 133
24 65 435
24 66 843
24 67 274
24 68 724
24 69 303
24 70 657
24 71 688
24 72 683
24 73 18
24 74 142
24 75 708
24 76 625
24 77 498
24 78 850
24 79 590
24 80 553
24 81 669
24 82 709
24 83 532
24 84 291
24 85 308
24 86 627
24 87 383
24 88 769
24 89 537
24 90 580
24 91 946
24 92 614
24 93 359
24 94 173
24 95 455
24 96 518
24 97 356
24 98 818
24 99 807
25 26 247
25 27 101
25 28 746
25 29 413
25 30 67
25 31 483
25 32 340
25 33 559
25 34 281
25 35 435
25 36 369
25 37 220
25 38 818
25 39 338
25 40 89
25 41 311
25 42 157
25 43 273
25 44 441
25 45 123
25 46 506
25 47 148
25 48 662
25 49 385
25 50 84
25 51 428
25 52 294
25 53 371
25 54 324
25 55 125
25 56 621
25 57 134
25 58 613
25 59 368
25 60 27
25 61 645
25 62 191
25 63 322
25 64 379
25 65 192
25 66 691
25 67 198
25 68 656
25 69 151
25 70 221
25 71 285
25 72 447
25 73 446
25 74 369
25 75 394
25 76 422
25 77 150
25 78 814
25 79 292
25 80 126
25 81 298
25 82 345
25 83 194
25 84 195
25 85 158
25 86 612
25 87 345
25 88 609
25 89 109
25 90 194
25 91 508
25 92 200
25 93 464
25 94 497
25 95 106
25 96 700
25 97 146
25 98 739
25 99 416
26 27 271
26 28 576
26 29 483
26 30 257
26 31 642
26 32 379
26 33 323
26 34 61
26 35 466
26 36 340
26 37 68
26 38 636
26 39 421
26 40 246
26 41 454
26 42 265
26 43 78
26 44 213
26 45 361
26 46 293
26 47 219
26 48 623
26 49 538
26 50 171
26 51 580
26 52 362
26 53 125
26 54 105
26 55 287
26 56 489
26 57 269
26 58 490
26 59 355
26 60 220
26 61 876
26 62 186
26 63 77
26 64 149
26 65 350
26 66 624
26 67 208
26 68 534
26 69 103
26 70 464
26 71 443
26 72 435
26 73 269
26 74 138
26 75 613
26 76 381
26 77 366
26 78 681
26 79 333
26 80 329
26 81 415
26 82 454
26 83 279
26 84 52
26 85 206
26 86 456
26 87 411
26 88 544
26 89 315
26 90 334
26 91 717
26 92 377
26 93 239
26 94 257
26 95 314
26 96 471
26 97 254
26 98 627
26 99 555
27 28 817
27 29 515
27 30 168
27 31 572
27 32 440
27 33 549
27 34 320
27 35 336
27 36 463
27 37 220
27 38 885
27 39 439
27 40 190
27 41 407
27 42 257
27 43 320
27 44 429
27 45 115
27 46 556
27 47 80
27 48 759
27 49 477
27 50 109
27 51 519
27 52 395
27 53 392
27 54 319
27 55 25
27 56 702
27 57 236
27 58 695
27 59 464
27 60 109
27 61 689
27 62 277
27 63 348
27 64 373
27 65 96
27 66 785
27 67 133
27 68 740
27 69 169
27 70 262
27 71 380
27 72 545
27 73 406
27 74 365
27 75 343
27 76 516
27 77 99
27 78 896
27 79 392
27 80 218
27 81 398
27 82 445
27 83 294
27 84 225
27 85 97
27 86 686
27 87 244
27 88 702
27 89 203
27 90 295
27 91 574
27 92 294
27 93 506
27 94 495
27 95 51
27 96 741
27 97 57
27 98 825
27 99 510
28 29 585
28 30 707
28 31 819
28 32 532
28 33 599
28 34 516
28 35 1036
28 36 437
28 37 644
28 38 79
28 39 598
28 40 680
28 41 700
28 42 633
28 43 506
28 44 607
28 45 867
28 46 301
28 47 787
28 48 387
28 49 751
28 50 709
28 51 771
28 52 575
28 53 502
28 54 612
28 55 839
28 56 159
28 57 658
28 58 182
28 59 457
28 60 724
28 61 1186
28 62 559
28 63 519
28 64 595
28 65 909
28 66 314
28 67 784
28 68 165
28 69 659
28 70 895
28 71 718
28 72 436
28 73 734
28 74 591
28 75 1139
28 76 401
28 77 896
28 78 158
28 79 541
28 80 738
28 81 649
28 82 646
28 83 607
28 84 605
28 85 777
28 86 137
28 87 987
28 88 312
28 89 735
28 90 667
28 91 987
28 92 722
28 93 361
28 94 560
28 95 847
28 96 268
28 97 819
28 98 195
28 99 734
29 30 346
29 31 236
29 32 105
29 33 769
29 34 455
29 35 846
29 36 187
29 37 518
29 38 664
29 39 76
29 40 326
29 41 153
29 42 262
29 43 429
29 44 681
29 45 481
29 46 521
29 47 548
29 48 308
29 49 172
29 50 451
29 51 186
29 52 127
29 53 547
29 54 587
29 55 538
29 56 425
29 57 280
29 58 404
29 59 162
29 60 412
29 61 604
29 62 300
29 63 509
29 64 622
29 65 601
29 66 370
29 67 586
29 68 431
29 69 466
29 70 415
29 71 183
29 72 149
29 73 752
29 74 611
29 75 713
29 76 196
29 77 533
29 78 570
29 79 150
29 80 311
29 81 126
29 82 88
29 83 228
29 84 455
29 85 552
29 86 462
29 87 758
29 88 307
29 89 322
29 90 222
29 91 404
29 92 245
29 93 525
29 94 699
29 95 507
29 96 696
29 97 556
29 98 473
29 99 149
30 31 425
30 32 275
30 33 579
30 34 278
30 35 502
30 36 311
30 37 247
30 38 781
30 39 271
30 40 28
30 41 248
30 42 93
30 43 264
30 44 464
30 45 164
30 46 486
30 47 210
30 48 600
30 49 324
30 50 126
30 51 368
30 52 227
30 53 376
30 54 348
30 55 192
30 56 575
30 57 68
30 58 564
30 59 308
30 60 70
30 61 619
30 62 149
30 63 326
30 64 400
30 65 257
30 66 632
30 67 256
30 68 607
30 69 177
30 70 213
30 71 224
30 72 385
30 73 485
30 74 389
30 75 434
30 76 364
30 77 204
30 78 766
30 79 228
30 80 75
30 81 232
30 82 279
30 83 129
30 84 206
30 85 217
30 86 571
30 87 412
30 88 551
30 89 59
30 90 128
30 91 468
30 92 141
30 93 450
30 94 514
30 95 167
30 96 683
30 97 212
30 98 686
30 99 354
31 32 316
31 33 955
31 34 632
31 35 903
31 36 413
31 37 657
31 38 898
31 39 249
31 40 419
31 41 188
31 42 379
31 43 607
31 44 853
31 45 493
31 46 743
31 47 631
31 48 504
31 49 104
31 50 551
31 51 63
31 52 300
31 53 732
31 54 746
31 55 590
31 56 660
31 57 381
31 58 637
31 59 389
31 60 495
31 61 383
31 62 459
31 63 688
31 64 790
31 65 634
31 66 578
31 67 680
31 68 662
31 69 591
31 70 365
31 71 203
31 72 384
31 73 900
31 74 779
31 75 649
31 76 430
31 77 547
31 78 792
31 79 339
31 80 357
31 81 230
31 82 201
31 83 363
31 84 601
31 85 641
31 86 698
31 87 808
31 88 528
31 89 374
31 90 311
31 91 187
31 92 284
31 93 738
31 94 885
31 95 544
31 96 926
31 97 625
31 98 694
31 99 94
32 33 664
32 34 350
32 35 763
32 36 99
32 37 418
32 38 611
32 39 70
32 40 250
32 41 169
32 42 183
32 43 324
32 44 576
32 45 427
32 46 428
32 47 463
32 48 330
32 49 228
32 50 364
32 51 257
32 52 53
32 53 442
32 54 483
32 55 465
32 56 376
32 57 206
32 58 357
32 59 76
32 60 333
32 61 658
32 62 200
32 63 404
32 64 517
32 65 531
32 66 373
32 67 497
32 68 393
32 69 370
32 70 394
32 71 187
32 72 120
32 73 649
32 74 506
32 75 679
32 76 131
32 77 474
32 78 544
32 79 50
32 80 259
32 81 118
32 82 119
32 83 146
32 84 354
32 85 465
32 86 400
32 87 679
32 88 297
32 89 265
32 90 168
32 91 462
32 92 212
32 93 426
32 94 594
32 95 441
32 96 611
32 97 476
32 98 453
32 99 222
33 34 323
33 35 565
33 36 594
33 37 339
33 38 624
33 39 719
33 40 569
33 41 769
33 42 585
33 43 348
33 44 119
33 45 657
33 46 327
33 47 473
33 48 816
33 49 852
33 50 475
33 51 892
33 52 661
33 53 223
33 54 234
33 55 555
33 56 598
33 57 591
33 58 612
33 59 616
33 60 533
33 61 1198
33 62 496
33 63 267
33 64 180
33 65 597
33 66 786
33 67 430
33 68 646
33 69 408
33 70 780
33 71 761
33 72 679
33 73 197
33 74 190
33 75 873
33 76 616
33 77 647
33 78 748
33 79 625
33 80 652
33 81 725
33 82 759
33 83 594
33 84 373
33 85 456
33 86 538
33 87 565
33 88 722
33 89 637
33 90 654
33 91 1040
33 92 699
33 93 283
33 94 70
33 95 599
33 96 365
33 97 508
33 98 735
33 99 864
34 35 527
34 36 298
34 37 129
34 38 577
34 39 399
34 40 262
34 41 446
34 42 265
34 43 27
34 44 226
34 45 401
34 46 237
34 47 275
34 48 572
34 49 529
34 50 215
34 51 569
34 52 341
34 53 103
34 54 139
34 55 338
34 56 429
34 57 275
34 58 431
34 59 316
34 60 255
34 61 890
34 62 174
34 63 56
34 64 167
34 65 404
34 66 568
34 67 268
34 68 474
34 69 152
34 70 490
34 71 438
34 72 392
34 73 306
34 74 156
34 75 661
34 76 335
34 77 413
34 78 620
34 79 307
34 80 344
34 81 403
34 82 438
34 83 271
34 84 96
34 85 264
34 86 396
34 87 472
34 88 490
34 89 332
34 90 333
34 91 722
34 92 382
34 93 186
34 94 254
34 95 360
34 96 422
34 97 310
34 98 567
34 99 542
35 36 766
35 37 399
35 38 1090
35 39 771
35 40 520
35 41 743
35 42 585
35 43 543
35 44 476
35 45 413
35 46 740
35 47 300
35 48 1064
35 49 812
35 50 399
35 51 853
35 52 722
35 53 538
35 54 428
35 55 315
35 56 955
35 57 566
35 58 955
35 59 773
35 60 434
35 61 955
35 62 576
35 63 517
35 64 458
35 65 271
35 66 1077
35 67 273
35 68 999
35 69 410
35 70 561
35 71 716
35 72 856
35 73 368
35 74 458
35 75 442
35 76 816
35 77 362
35 78 1147
35 79 713
35 80 554
35 81 733
35 82 780
35 83 620
35 84 452
35 85 299
35 86 922
35 87 97
35 88 995
35 89 539
35 90 629
35 91 880
35 92 630
35 93 680
35 94 548
35 95 360
35 96 881
35 97 290
35 98 1092
35 99 846
36 37 391
36 38 516
36 39 169
36 40 284
36 41 266
36 42 221
36 43 272
36 44 517
36 45 474
36 46 334
36 47 469
36 48 299
36 49 328
36 50 371
36 51 356
36 52 138
36 53 377
36 54 437
36 55 488
36 56 285
36 57 248
36 58 270
36 59 25
36 60 355
36 61 756
36 62 191
36 63 347
36 64 463
36 65 558
36 66 322
36 67 494
36 68 308
36 69 358
36 70 468
36 71 281
36 72 95
36 73 604
36 74 452
36 75 738
36 76 53
36 77 515
36 78 465
36 79 104
36 80 318
36 81 214
36 82 219
36 83 187
36 84 327
36 85 467
36 86 303
36 87 689
36 88 240
36 89 320
36 90 236
36 91 561
36 92 289
36 93 339
36 94 525
36 95 475
36 96 513
36 97 489
36 98 379
36 99 320
37 38 703
37 39 451
37 40 244
37 41 470
37 42 279
37 43 144
37 44 221
37 45 321
37 46 358
37 47 158
37 48 681
37 49 553
37 50 136
37 51 596
37 52 393
37 53 174
37 54 105
37 55 233
37 56 556
37 57 276
37 58 557
37 59 404
37 60 195
37 61 863
37 62 218
37 63 135
37 64 159
37 65 291
37 66 685
37 67 141
37 68 600
37 69 71
37 70 441
37 71 454
37 72 485
37 73 243
37 74 149
37 75 561
37 76 435
37 77 319
37 78 748
37 79 369
37 80 322
37 81 437
37 82 480
37 83 301
37 84 64
37 85 144
37 86 524
37 87 344
37 88 605
37 89 307
37 90 346
37 91 715
37 92 381
37 93 302
37 94 279
37 95 268
37 96 530
37 97 195
37 98 693
37 99 574
38 39 677
38 40 754
38 41 780
38 42 709
38 43 569
38 44 646
38 45 939
38 46 350
38 47 850
38 48 454
38 49 831
38 50 776
38 51 850
38 52 654
38 53 553
38 54 663
38 55 906
38 56 238
38 57 734
38 58 260
38 59 536
38 60 794
38 61 1265
38 62 632
38 63 574
38 64 641
38 65 975
38 66 379
38 67 844
38 68 239
38 69 724
38 70 972
38 71 797
38 72 515
38 73 773
38 74 638
38 75 1211
38 76 480
38 77 966
38 78 185
38 79 619
38 80 814
38 81 728
38 82 725
38 83 684
38 84 669
38 85 840
38 86 214
38 87 1046
38 88 386
38 89 810
38 90 744
38 91 1066
38 92 800
38 93 410
38 94 593
38 95 916
38 96 270
38 97 883
38 98 251
38 99 813
39 40 251
39 41 104
39 42 187
39 43 373
39 44 625
39 45 408
39 46 495
39 47 473
39 48 365
39 49 159
39 50 378
39 51 189
39 52 59
39 53 495
39 54 525
39 55 463
39 56 441
39 57 205
39 58 421
39 59 146
39 60 336
39 61 589
39 62 235
39 63 454
39 64 564
39 65 525
39 66 418
39 67 513
39 68 454
39 69 396
39 70 351
39 71 128
39 72 172
39 73 689
39 74 553
39 75 646
39 76 197
39 77 458
39 78 602
39 79 94
39 80 237
39 81 60
39 82 50
39 83 155
39 84 388
39 85 478
39 86 468
39 87 683
39 88 347
39 89 247
39 90 147
39 91 392
39 92 174
39 93 490
39 94 649
39 95 432
39 96 680
39 97 481
39 98 509
39 99 154
40 41 237
40 42 68
40 43 246
40 44 456
40 45 191
40 46 464
40 47 224
40 48 574
40 49 317
40 50 133
40 51 360
40 52 205
40 53 362
40 54 341
40 55 214
40 56 547
40 57 46
40 58 537
40 59 281
40 60 85
40 61 630
40 62 123
40 63 312
40 64 392
40 65 281
40 66 605
40 67 267
40 68 580
40 69 174
40 70 233
40 71 216
40 72 359
40 73 485
40 74 381
40 75 462
40 76 337
40 77 231
40 78 738
40 79 203
40 80 83
40 81 216
40 82 263
40 83 104
40 84 196
40 85 230
40 86 544
40 87 432
40 88 524
40 89 70
40 90 114
40 91 473
40 92 138
40 93 429
40 94 503
40 95 192
40 96 661
40 97 230
40 98 659
40 99 343
41 42 192
41 43 422
41 44 666
41 45 351
41 46 577
41 47 457
41 48 460
41 49 83
41 50 371
41 51 126
41 52 131
41 53 547
41 54 558
41 55 429
41 56 544
41 57 196
41 58 525
41 59 245
41 60 318
41 61 491
41 62 272
41 63 502
41 64 603
41 65 483
41 66 518
41 67 503
41 68 558
41 69 406
41 70 265
41 71 32
41 72 276
41 73 713
41 74 591
41 75 565
41 76 299
41 77 405
41 78 706
41 79 171
41 80 189
41 81 53
41 82 65
41 83 175
41 84 413
41 85 465
41 86 568
41 87 650
41 88 449
41 89 204
41 90 125
41 91 298
41 92 114
41 93 564
41 94 700
41 95 388
41 96 768
41 97 456
41 98 612
41 99 106
42 43 244
42 44 477
42 45 253
42 46 439
42 47 286
42 48 507
42 49 275
42 50 190
42 51 318
42 52 138
42 53 367
42 54 367
42 55 282
42 56 493
42 57 27
42 58 481
42 59 216
42 60 151
42 61 629
42 62 97
42 63 319
42 64 414
42 65 349
42 66 541
42 67 326
42 68 523
42 69 216
42 70 264
42 71 178
42 72 292
42 73 521
42 74 402
42 75 518
42 76 273
42 77 296
42 78 681
42 79 136
42 80 105
42 81 161
42 82 206
42 83 37
42 84 222
42 85 290
42 86 496
42 87 498
42 88 459
42 89 102
42 90 70
42 91 458
42 92 118
42 93 412
42 94 516
42 95 259
42 96 637
42 97 295
42 98 599
42 99 296
43 44 252
43 45 395
43 46 236
43 47 281
43 48 548
43 49 504
43 50 213
43 51 545
43 52 315
43 53 125
43 54 165
43 55 340
43 56 412
43 57 255
43 58 413
43 59 289
43 60 247
43 61 871
43 62 150
43 63 81
43 64 194
43 65 408
43 66 546
43 67 279
43 68 457
43 69 155
43 70 477
43 71 415
43 72 365
43 73 332
43 74 183
43 75 659
43 76 309
43 77 410
43 78 605
43 79 281
43 80 328
43 81 378
43 82 412
43 83 248
43 84 99
43 85 271
43 86 382
43 87 485
43 88 467
43 89 316
43 90 311
43 91 701
43 92 361
43 93 190
43 94 278
43 95 358
43 96 427
43 97 314
43 98 549
43 99 517
44 45 538
44 46 311
44 47 354
44 48 766
44 49 749
44 50 357
44 51 791
44 52 566
44 53 141
44 54 117
44 55 436
44 56 574
44 57 482
44 58 584
44 59 537
44 60 416
44 61 1083
44 62 395
44 63 172
44 64 64
44 65 480
44 66 748
44 67 313
44 68 622
44 69 291
44 70 662
44 71 655
44 72 607
44 73 127
44 74 75
44 75 757
44 76 547
44 77 528
44 78 744
44 79 533
44 80 538
44 81 625
44 82 662
44 83 491
44 84 260
44 85 337
44 86 522
44 87 463
44 88 676
44 89 523
44 90 547
44 91 929
44 92 589
44 93 254
44 94 74
44 95 480
44 96 411
44 97 390
44 98 715
44 99 765
45 46 629
45 47 195
45 48 756
45 49 408
45 50 190
45 51 448
45 52 376
45 53 485
45 54 424
45 55 120
45 56 738
45 57 226
45 58 728
45 59 468
45 60 148
45 61 576
45 62 309
45 63 438
45 64 479
45 65 142
45 66 793
45 67 248
45 68 771
45 69 259
45 70 153
45 71 320
45 72 543
45 73 520
45 74 470
45 75 272
45 76 526
45 77 54
45 78 929
45 79 385
45 80 171
45 81 357
45 82 401
45 83 288
45 84 310
45 85 211
45 86 731
45 87 317
45 88 712
45 89 162
45 90 262
45 91 472
45 92 240
45 93 585
45 94 600
45 95 66
45 96 821
45 97 168
45 98 850
45 99 446
46 47 511
46 48 497
46 49 651
46 50 449
46 51 683
46 52 448
46 53 202
46 54 312
46 55 575
46 56 271
46 57 459
46 58 285
46 59 359
46 60 480
46 61 1060
46 62 345
46 63 225
46 64 294
46 65 641
46 66 461
46 67 499
46 68 319
46 69 388
46 70 696
46 71 582
46 72 397
46 73 435
46 74 290
46 75 895
46 76 336
46 77 646
46 78 433
46 79 407
46 80 539
46 81 525
46 82 543
46 83 428
46 84 332
46 85 499
46 86 213
46 87 697
46 88 402
46 89 531
46 90 495
46 91 874
46 92 552
46 93 60
46 94 274
46 95 594
46 96 198
46 97 546
46 98 409
46 99 649
47 48 768
47 49 532
47 50 99
47 51 575
47 52 423
47 53 333
47 54 248
47 55 83
47 56 683
47 57 270
47 58 680
47 59 474
47 60 140
47 61 768
47 62 278
47 63 292
47 64 301
47 65 133
47 66 786
47 67 54
47 68 724
47 69 128
47 70 340
47 71 433
47 72 557
47 73 325
47 74 294
47 75 406
47 76 520
47 77 175
47 78 878
47 79 413
47 80 274
47 81 440
47 82 487
47 83 320
47 84 182
47 85 17
47 86 660
47 87 220
47 88 703
47 89 257
47 90 337
47 91 647
47 92 348
47 93 457
47 94 422
47 95 131
47 96 688
47 97 37
47 98 813
47 99 563
48 49 473
48 50 669
48 51 474
48 52 382
48 53 627
48 54 709
48 55 784
48 56 257
48 57 532
48 58 233
48 59 295
48 60 650
48 61 888
48 62 490
48 63 610
48 64 723
48 65 853
48 66 80
48 67 791
48 68 227
48 69 655
48 70 716
48 71 489
48 72 215
48 73 872
48 74 714
48 75 1008
48 76 249
48 77 802
48 78 305
48 79 372
48 80 589
48 81 424
48 82 395
48 83 470
48 84 620
48 85 766
48 86 321
48 87 988
48 88 95
48 89 595
48 90 498
48 91 690
48 92 537
48 93 534
48 94 754
48 95 766
48 96 600
48 97 787
48 98 210
48 99 441
49 50 449
49 51 43
49 52 203
49 53 630
49 54 641
49 55 497
49 56 593
49 57 278
49 58 572
49 59 304
49 60 394
49 61 434
49 62 356
49 63 585
49 64 686
49 65 546
49 66 539
49 67 580
49 68 602
49 69 488
49 70 297
49 71 100
49 72 317
49 73 796
49 74 675
49 75 594
49 76 353
49 77 463
49 78 742
49 79 244
49 80 260
49 81 128
49 82 109
49 83 259
49 84 496
49 85 541
49 86 624
49 87 717
49 88 479
49 89 276
49 90 207
49 91 235
49 92 184
49 93 641
49 94 782
49 95 453
49 96 838
49 97 529
49 98 645
49 99 41
50 51 493
50 52 326
50 53 296
50 54 241
50 55 130
50 56 596
50 57 177
50 58 591
50 59 376
50 60 62
50 61 729
50 62 180
50 63 248
50 64 295
50 65 201
50 66 689
50 67 135
50 68 635
50 69 69
50 70 305
50 71 349
50 72 458
50 73 363
50 74 286
50 75 446
50 76 422
50 77 198
50 78 791
50 79 314
50 80 199
50 81 348
50 82 395
50 83 223
50 84 121
50 85 101
50 86 578
50 87 319
50 88 607
50 89 183
50 90 247
50 91 589
50 92 267
50 93 401
50 94 415
50 95 146
50 96 637
50 97 119
50 98 722
50 99 477
51 52 238
51 53 670
51 54 683
51 55 539
51 56 611
51 57 321
51 58 589
51 59 331
51 60 438
51 61 420
51 62 396
51 63 625
51 64 728
51 65 586
51 66 544
51 67 624
51 68 617
51 69 531
51 70 330
51 71 144
51 72 335
51 73 839
51 74 716
51 75 623
51 76 376
51 77 502
51 78 752
51 79 278
51 80 302
51 81 167
51 82 140
51 83 300
51 84 539
51 85 584
51 86 646
51 87 758
51 88 488
51 89 318
51 90 250
51 91 220
51 92 227
51 93 677
51 94 823
51 95 494
51 96 868
51 97 571
51 98 655
51 99 37
52 53 438
52 54 467
52 55 419
52 56 422
52 57 159
52 58 404
52 59 119
52 60 289
52 61 622
52 62 177
52 63 396
52 64 505
52 65 484
52 66 426
52 67 460
52 68 441
52 69 340
52 70 341
52 71 144
52 72 173
52 73 630
52 74 494
52 75 627
52 76 178
52 77 424
52 78 594
52 79 40
52 80 207
52 81 79
52 82 99
52 83 103
52 84 330
52 85 427
52 86 441
52 87 636
52 88 349
52 89 214
52 90 116
52 91 429
52 92 159
52 93 439
52 94 591
52 95 393
52 96 637
52 97 433
52 98 504
52 99 206
53 54 110
53 55 407
53 56 446
53 57 377
53 58 454
53 59 398
53 60 344
53 61 991
53 62 276
53 63 50
53 64 100
53 65 466
53 66 611
53 67 310
53 68 494
53 69 227
53 70 587
53 71 541
53 72 467
53 73 249
53 74 92
53 75 735
53 76 406
53 77 489
53 78 626
53 79 402
53 80 445
53 81 503
53 82 536
53 83 374
53 84 177
53 85 318
53 86 400
53 87 500
53 88 538
53 89 432
53 90 436
53 91 825
53 92 484
53 93 142
53 94 153
53 95 438
53 96 357
53 97 369
53 98 588
53 99 641
54 55 329
54 56 548
54 57 369
54 58 553
54 59 454
54 60 299
54 61 966
54 62 291
54 63 101
54 64 55
54 65 379
54 66 702
54 67 215
54 68 595
54 69 175
54 70 546
54 71 545
54 72 531
54 73 167
54 74 46
54 75 654
54 76 474
54 77 418
54 78 732
54 79 437
54 80 422
54 81 520
54 82 559
54 83 384
54 84 146
54 85 232
54 86 506
54 87 394
54 88 625
54 89 407
54 90 437
54 91 814
54 92 476
54 93 252
54 94 176
54 95 368
54 96 460
54 97 285
54 98 689
54 99 659
55 56 725
55 57 260
55 58 719
55 59 489
55 60 133
55 61 696
55 62 301
55 63 363
55 64 382
55 65 72
55 66 810
55 67 132
55 68 763
55 69 186
55 70 272
55 71 401
55 72 570
55 73 405
55 74 374
55 75 328
55 76 540
55 77 92
55 78 920
55 79 416
55 80 239
55 81 421
55 82 468
55 83 318
55 84 243
55 85 100
55 86 708
55 87 222
55 88 727
55 89 225
55 90 318
55 91 587
55 92 315
55 93 524
55 94 504
55 95 54
55 96 758
55 97 50
55 98 849
55 99 531
56 57 520
56 58 25
56 59 303
56 60 601
56 61 1027
56 62 430
56 63 448
56 64 545
56 65 796
56 66 202
56 67 690
56 68 48
56 69 556
56 70 751
56 71 563
56 72 277
56 73 693
56 74 539
56 75 1009
56 76 245
56 77 772
56 78 195
56 79 389
56 80 597
56 81 494
56 82 488
56 83 464
56 84 507
56 85 676
56 86 66
56 87 895
56 88 169
56 89 596
56 90 520
56 91 828
56 92 574
56 93 322
56 94 544
56 95 725
56 96 343
56 97 712
56 98 142
56 99 574
57 58 508
57 59 242
57 60 132
57 61 616
57 62 114
57 63 328
57 64 418
57 65 325
57 66 567
57 67 312
57 68 550
57 69 210
57 70 240
57 71 178
57 72 318
57 73 519
57 74 406
57 75 492
57 76 300
57 77 270
57 78 708
57 79 160
57 80 81
57 81 172
57 82 218
57 83 62
57 84 223
57 85 275
57 86 521
57 87 478
57 88 486
57 89 77
57 90 71
57 91 449
57 92 108
57 93 430
57 94 524
57 95 235
57 96 657
57 97 276
57 98 626
57 99 302
58 59 285
58 60 594
58 61 1006
58 62 422
58 63 453
58 64 553
58 65 791
58 66 181
58 67 688
58 68 44
58 69 554
58 70 736
58 71 545
58 72 255
58 73 702
58 74 546
58 75 998
58 76 227
58 77 763
58 78 202
58 79 373
58 80 584
58 81 475
58 82 468
58 83 451
58 84 505
58 85 673
58 86 88
58 87 894
58 88 144
58 89 583
58 90 505
58 91 807
58 92 558
58 93 333
58 94 557
58 95 718
58 96 367
58 97 708
58 98 137
58 99 553
59 60 356
59 61 734
59 62 197
59 63 366
59 64 482
59 65 559
59 66 325
59 67 501
59 68 323
59 69 367
59 70 455
59 71 261
59 72 83
59 73 621
59 74 471
59 75 731
59 76 60
59 77 512
59 78 477
59 79 89
59 80 309
59 81 193
59 82 195
59 83 181
59 84 340
59 85 474
59 86 324
59 87 694
59 88 244
59 89 312
59 90 223
59 91 538
59 92 274
59 93 363
59 94 547
59 95 473
59 96 538
59 97 492
59 98 390
59 99 295
60 61 668
60 62 172
60 63 295
60 64 353
60 65 203
60 66 677
60 67 186
60 68 637
60 69 125
60 70 247
60 71 294
60 72 437
60 73 425
60 74 343
60 75 418
60 76 408
60 77 172
60 78 795
60 79 284
60 80 139
60 81 301
60 82 348
60 83 187
60 84 168
60 85 147
60 86 590
60 87 347
60 88 595
60 89 123
60 90 197
60 91 528
60 92 210
60 93 437
60 94 471
60 95 124
60 96 673
60 97 145
60 98 721
60 99 424
61 62 726
61 63 942
61 64 1019
61 65 701
61 66 960
61 67 822
61 68 1035
61 69 792
61 70 428
61 71 480
61 72 751
61 73 1088
61 74 1008
61 75 554
61 76 786
61 77 613
61 78 1172
61 79 661
61 80 547
61 81 543
61 82 540
61 83 634
61 84 825
61 85 783
61 86 1057
61 87 862
61 88 908
61 89 561
61 90 566
61 91 200
61 92 512
61 93 1039
61 94 1133
61 95 642
61 96 1255
61 97 744
61 98 1074
61 99 456
62 63 229
62 64 332
62 65 373
62 66 510
62 67 304
62 68 465
62 69 171
62 70 352
62 71 265
62 72 281
62 73 454
62 74 321
62 75 581
62 76 242
62 77 341
62 78 623
62 79 151
62 80 194
62 81 231
62 82 269
62 83 98
62 84 154
62 85 276
62 86 423
62 87 498
62 88 427
62 89 186
62 90 162
62 91 552
62 92 214
62 93 316
62 94 427
62 95 296
62 96 543
62 97 298
62 98 549
62 99 370
63 64 116
63 65 425
63 66 601
63 67 275
63 68 495
63 69 180
63 70 537
63 71 494
63 72 439
63 73 262
63 74 106
63 75 690
63 76 380
63 77 444
63 78 634
63 79 362
63 80 395
63 81 458
63 82 493
63 83 327
63 84 128
63 85 278
63 86 408
63 87 472
63 88 525
63 89 382
63 90 388
63 91 777
63 92 436
63 93 168
63 94 198
63 95 392
63 96 396
63 97 328
63 98 589
63 99 597
64 65 430
64 66 710
64 67 265
64 68 594
64 69 228
64 70 600
64 71 591
64 72 555
64 73 149
64 74 11
64 75 706
64 76 496
64 77 472
64 78 723
64 79 473
64 80 474
64 81 563
64 82 600
64 83 428
64 84 196
64 85 284
64 86 498
64 87 433
64 88 636
64 89 459
64 90 483
64 91 865
64 92 525
64 93 234
64 94 122
64 95 423
64 96 424
64 97 337
64 98 687
64 99 702
65 66 880
65 67 167
65 68 835
65 69 253
65 70 292
65 71 453
65 72 639
65 73 432
65 74 424
65 75 277
65 76 611
65 77 92
65 78 991
65 79 484
65 80 294
65 81 480
65 82 527
65 83 386
65 84 309
65 85 148
65 86 779
65 87 174
65 88 798
65 89 281
65 90 379
65 91 611
65 92 369
65 93 589
65 94 550
65 95 94
65 96 820
65 97 96
65 98 921
65 99 582
66 67 805
66 68 163
66 69 667
66 70 766
66 71 545
66 72 253
66 73 859
66 74 701
66 75 1052
66 76 270
66 77 836
66 78 225
66 79 409
66 80 630
66 81 478
66 82 453
66 83 505
66 84 627
66 85 782
66 86 267
66 87 1006
66 88 83
66 89 635
66 90 541
66 91 762
66 92 585
66 93 504
66 94 728
66 95 797
66 96 543
66 97 808
66 98 131
66 99 509
67 68 733
67 69 137
67 70 394
67 71 480
67 72 585
67 73 274
67 74 259
67 75 444
67 76 543
67 77 224
67 78 884
67 79 446
67 80 323
67 81 483
67 82 530
67 83 358
67 84 183
67 85 40
67 86 662
67 87 206
67 88 722
67 89 307
67 90 381
67 91 701
67 92 396
67 93 443
67 94 383
67 95 183
67 96 667
67 97 82
67 98 824
67 99 610
68 69 598
68 70 776
68 71 580
68 72 285
68 73 742
68 74 587
68 75 1041
68 76 263
68 77 807
68 78 158
68 79 412
68 80 625
68 81 510
68 82 500
68 83 492
68 84 550
68 85 717
68 86 109
68 87 938
68 88 148
68 89 625
68 90 544
68 91 835
68 92 597
68 93 370
68 94 593
68 95 761
68 96 380
68 97 752
68 98 94
68 99 580
69 70 371
69 71 388
69 72 450
69 73 310
69 74 218
69 75 511
69 76 406
69 77 264
69 78 751
69 79 320
69 80 252
69 81 376
69 82 420
69 83 242
69 84 56
69 85 119
69 86 532
69 87 341
69 88 585
69 89 236
69 90 281
69 91 645
69 92 312
69 93 338
69 94 347
69 95 212
69 96 572
69 97 160
69 98 688
69 99 511
70 71 233
70 72 514
70 73 660
70 74 590
70 75 300
70 76 515
70 77 200
70 78 932
70 79 365
70 80 159
70 81 292
70 82 327
70 83 288
70 84 412
70 85 355
70 86 758
70 87 465
70 88 690
70 89 166
70 90 232
70 91 319
70 92 182
70 93 662
70 94 718
70 95 217
70 96 894
70 97 319
70 98 844
70 99 338
71 72 300
71 73 697
71 74 580
71 75 533
71 76 318
71 77 374
71 78 729
71 79 182
71 80 162
71 81 70
71 82 95
71 83 167
71 84 399
71 85 441
71 86 584
71 87 622
71 88 474
71 89 177
71 90 109
71 91 293
71 92 86
71 93 566
71 94 692
71 95 359
71 96 775
71 97 430
71 98 636
71 99 131
72 73 698
72 74 545
72 75 799
72 76 63
72 77 588
72 78 430
72 79 158
72 80 378
72 81 231
72 82 215
72 83 256
72 84 422
72 85 557
72 86 314
72 87 777
72 88 177
72 89 383
72 90 288
72 91 552
72 92 332
72 93 413
72 94 611
72 95 551
72 96 559
72 97 575
72 98 336
72 99 298
73 74 158
73 75 703
73 76 640
73 77 497
73 78 868
73 79 602
73 80 560
73 81 679
73 82 720
73 83 542
73 84 301
73 85 309
73 86 644
73 87 373
73 88 785
73 89 544
73 90 589
73 91 952
73 92 622
73 93 377
73 94 189
73 95 456
73 96 535
73 97 355
73 98 835
73 99 817
74 75 700
74 76 486
74 77 464
74 78 718
74 79 462
74 80 463
74 81 551
74 82 589
74 83 416
74 84 185
74 85 277
74 86 492
74 87 431
74 88 627
74 89 448
74 90 472
74 91 854
74 92 514
74 93 230
74 94 130
74 95 414
74 96 424
74 97 330
74 98 681
74 99 691
75 76 790
75 77 249
75 78 1199
75 79 643
75 80 422
75 81 588
75 82 626
75 83 551
75 84 566
75 85 423
75 86 1004
75 87 367
75 88 973
75 89 419
75 90 511
75 91 547
75 92 472
75 93 847
75 94 827
75 95 301
75 96 1083
75 97 369
75 98 1117
75 99 636
76 77 567
76 78 417
76 79 150
76 80 369
76 81 249
76 82 245
76 83 239
76 84 373
76 85 518
76 86 271
76 87 740
76 88 187
76 89 371
76 90 284
76 91 588
76 92 335
76 93 349
76 94 549
76 95 527
76 96 502
76 97 540
76 98 329
76 99 339
77 78 965
77 79 430
77 80 222
77 81 409
77 82 454
77 83 332
77 84 318
77 85 192
77 86 761
77 87 265
77 88 755
77 89 212
77 90 312
77 91 519
77 92 293
77 93 599
77 94 594
77 95 52
77 96 834
77 97 142
77 98 888
77 99 500
78 79 567
78 80 782
78 81 660
78 82 645
78 83 650
78 84 701
78 85 870
78 86 226
78 87 1089
78 88 264
78 89 783
78 90 700
78 91 972
78 92 752
78 93 491
78 94 703
78 95 919
78 96 426
78 97 907
78 98 98
78 99 716
79 80 221
79 81 119
79 82 138
79 83 99
79 84 305
79 85 415
79 86 405
79 87 630
79 88 330
79 89 225
79 90 134
79 91 469
79 92 185
79 93 399
79 94 556
79 95 395
79 96 597
79 97 426
79 98 479
79 99 245
80 81 187
80 82 233
80 83 132
80 84 279
80 85 284
80 86 601
80 87 461
80 88 551
80 89 17
80 90 92
80 91 393
80 92 76
80 93 507
80 94 586
80 95 200
80 96 737
80 97 269
80 98 698
80 99 292
81 82 47
81 83 137
81 84 378
81 85 446
81 86 517
81 87 643
81 88 406
81 89 199
81 90 104
81 91 351
81 92 119
81 93 514
81 94 656
81 95 386
81 96 715
81 97 444
81 98 567
81 99 139
82 83 179
82 84 419
82 85 493
82 86 516
82 87 690
82 88 386
82 89 245
82 90 151
82 91 343
82 92 162
82 93 537
82 94 689
82 95 432
82 96 730
82 97 491
82 98 550
82 99 107
83 84 241
83 85 324
83 86 470
83 87 534
83 88 424
83 89 133
83 90 68
83 91 456
83 92 124
83 93 405
83 94 525
83 95 296
83 96 625
83 97 331
83 98 566
83 99 276
84 85 172
84 86 480
84 87 389
84 88 545
84 89 264
84 90 291
84 91 669
84 92 330
84 93 282
84 94 308
84 95 266
84 96 517
84 97 215
84 98 641
84 99 516
85 86 651
85 87 223
85 88 700
85 89 267
85 90 343
85 91 661
85 92 357
85 93 445
85 94 405
85 95 148
85 96 674
85 97 53
85 98 807
85 99 571
86 87 867
86 88 230
86 89 598
86 90 530
86 91 859
86 92 586
86 93 268
86 94 488
86 95 713
86 96 279
86 97 691
86 98 196
86 99 609
87 88 923
87 89 446
87 90 539
87 91 783
87 92 537
87 93 639
87 94 537
87 95 264
87 96 854
87 97 203
87 98 1029
87 99 752
88 89 555
88 90 463
88 91 708
88 92 509
88 93 440
88 94 662
88 95 715
88 96 509
88 97 725
88 98 167
88 99 452
89 90 100
89 91 409
89 92 92
89 93 498
89 94 572
89 95 187
89 96 728
89 97 253
89 98 699
89 99 308
90 91 390
90 92 57
90 93 473
90 94 586
90 95 285
90 96 692
90 97 340
90 98 613
90 99 231
91 92 341
91 93 858
91 94 973
91 95 534
91 96 1066
91 97 631
91 98 874
91 99 256
92 93 528
92 94 632
92 95 275
92 96 749
92 97 345
92 98 663
92 99 216
93 94 224
93 95 547
93 96 236
93 97 493
93 98 462
93 99 644
94 95 544
94 96 346
94 97 458
94 98 684
94 99 794
95 96 782
95 97 103
95 98 844
95 99 489
96 97 724
96 98 448
96 99 833
97 98 840
97 99 561
98 99 619
