100 4950
0 1 67
0 2 630
0 3 443
0 4 678
0 5 125
0 6 533
0 7 35
0 8 635
0 9 772
0 10 626
0 11 721
0 12 762
0 13 546
0 14 713
0 15 98
0 16 428
0 17 123
0 18 623
0 19 46
0 20 597
0 21 64
0 22 591
0 23 608
0 24 130
0 25 348
0 26 594
0 27 162
0 28 83
0 29 568
0 30 666
0 31 448
0 32 721
0 33 268
0 34 538
0 35 640
0 36 838
0 37 296
0 38 301
0 39 552
0 40 667
0 41 486
0 42 520
0 43 690
0 44 699
0 45 696
0 46 786
0 47 708
0 48 529
0 49 631
0 50 811
0 51 457
0 52 647
0 53 692
0 54 414
0 55 719
0 56 734
0 57 499
0 58 741
0 59 649
0 60 293
0 61 355
0 62 729
0 63 256
0 64 83
0 65 775
0 66 820
0 67 141
0 68 832
0 69 391
0 70 122
0 71 124
0 72 49
0 73 745
0 74 165
0 75 560
0 76 224
0 77 305
0 78 670
0 79 588
0 80 262
0 81 288
0 82 608
0 83 493
0 84 385
0 85 697
0 86 420
0 87 420
0 88 393
0 89 627
0 90 661
0 91 527
0 92 131
0 93 442
0 94 128
0 95 528
0 96 78
0 97 31
0 98 69
0 99 63
1 2 623
1 3 509
1 4 676
1 5 84
1 6 505
1 7 34
1 8 694
1 9 803
1 10 611
1 11 731
1 12 768
1 13 609
1 14 764
1 15 53
1 16 393
1 17 95
1 18 610
1 19 107
1 20 659
1 21 120
1 22 654
1 23 583
1 24 63
1 25 308
1 26 655
1 27 224
1 28 149
1 29 538
1 30 725
1 31 414
1 32 708
1 33 334
1 34 521
1 35 626
1 36 866
1 37 245
1 38 257
1 39 535
1 40 723
1 41 464
1 42 484
1 43 678
1 44 741
1 45 690
1 46 806
1 47 710
1 48 500
1 49 689
1 50 853
1 51 522
1 52 704
1 53 677
1 54 480
1 55 772
1 56 740
1 57 471
1 58 734
1 59 709
1 60 360
1 61 318
1 62 771
1 63 323
1 64 142
1 65 825
1 66 838
1 67 108
1 68 864
1 69 357
1 70 181
1 71 188
1 72 115
1 73 790
1 74 126
1 75 624
1 76 291
1 77 371
1 78 668
1 79 562
1 80 222
1 81 355
1 82 583
1 83 558
1 84 452
1 85 698
1 86 379
1 87 487
1 88 348
1 89 608
1 90 713
1 91 508
1 92 193
1 93 404
1 94 74
1 95 501
1 96 118
1 97 40
1 98 24
1 99 37
2 3 768
2 4 72
2 5 543
2 6 217
2 7 615
2 8 728
2 9 451
2 10 81
2 11 202
2 12 193
2 13 760
2 14 644
2 15 572
2 16 310
2 17 528
2 18 54
2 19 663
2 20 765
2 21 684
2 22 797
2 23 171
2 24 615
2 25 383
2 26 742
2 27 737
2 28 627
2 29 218
2 30 735
2 31 299
2 32 103
2 33 736
2 34 133
2 35 67
2 36 447
2 37 469
2 38 432
2 39 120
2 40 699
2 41 195
2 42 285
2 43 74
2 44 533
2 45 69
2 46 341
2 47 118
2 48 226
2 49 709
2 50 600
2 51 756
2 52 698
2 53 100
2 54 755
2 55 687
2 56 176
2 57 227
2 58 112
2 59 753
2 60 750
2 61 367
2 62 545
2 63 746
2 64 693
2 65 680
2 66 340
2 67 518
2 68 495
2 69 323
2 70 721
2 71 696
2 72 630
2 73 591
2 74 508
2 75 785
2 76 726
2 77 760
2 78 69
2 79 182
2 80 436
2 81 728
2 82 169
2 83 766
2 84 770
2 85 108
2 86 358
2 87 775
2 88 392
2 89 109
2 90 629
2 91 153
2 92 713
2 93 326
2 94 566
2 95 202
2 96 707
2 97 638
2 98 646
2 99 589
3 4 777
3 5 534
3 6 796
3 7 475
3 8 262
3 9 624
3 10 810
3 11 736
3 12 797
3 13 131
3 14 416
3 15 522
3 16 737
3 17 517
3 18 793
3 19 412
3 20 191
3 21 411
3 22 165
3 23 842
3 24 570
3 25 692
3 26 203
3 27 326
3 28 360
3 29 830
3 30 296
3 31 754
3 32 870
3 33 192
3 34 749
3 35 813
3 36 711
3 37 684
3 38 670
3 39 757
3 40 321
3 41 729
3 42 819
3 43 842
3 44 479
3 45 813
3 46 719
3 47 782
3 48 797
3 49 271
3 50 569
3 51 28
3 52 299
3 53 862
3 54 29
3 55 394
3 56 772
3 57 766
3 58 854
3 59 263
3 60 170
3 61 691
3 62 506
3 63 212
3 64 391
3 65 469
3 66 766
3 67 533
3 68 669
3 69 704
3 70 367
3 71 338
3 72 394
3 73 492
3 74 557
3 75 133
3 76 237
3 77 163
3 78 768
3 79 830
3 80 625
3 81 163
3 82 841
3 83 63
3 84 72
3 85 775
3 86 757
3 87 33
3 88 746
3 89 826
3 90 365
3 91 750
3 92 344
3 93 762
3 94 552
3 95 782
3 96 437
3 97 473
3 98 511
3 99 491
4 5 599
4 6 288
4 7 666
4 8 713
4 9 399
4 10 146
4 11 138
4 12 122
4 13 758
4 14 614
4 15 627
4 16 380
4 17 582
4 18 121
4 19 709
4 20 756
4 21 729
4 22 792
4 23 238
4 24 673
4 25 451
4 26 732
4 27 775
4 28 668
4 29 288
4 30 717
4 31 370
4 32 115
4 33 763
4 34 204
4 35 127
4 36 386
4 37 536
4 38 498
4 39 191
4 40 678
4 41 266
4 42 356
4 43 101
4 44 498
4 45 41
4 46 278
4 47 46
4 48 297
4 49 693
4 50 554
4 51 763
4 52 679
4 53 137
4 54 767
4 55 659
4 56 106
4 57 299
4 58 77
4 59 738
4 60 775
4 61 434
4 62 506
4 63 775
4 64 737
4 65 645
4 66 272
4 67 573
4 68 439
4 69 392
4 70 763
4 71 735
4 72 674
4 73 553
4 74 566
4 75 783
4 76 757
4 77 784
4 78 9
4 79 251
4 80 499
4 81 752
4 82 236
4 83 769
4 84 786
4 85 37
4 86 429
4 87 788
4 88 462
4 89 173
4 90 605
4 91 224
4 92 753
4 93 397
4 94 623
4 95 274
4 96 754
4 97 689
4 98 700
4 99 642
5 6 420
5 7 93
5 8 692
5 9 754
5 10 528
5 11 661
5 12 695
5 13 621
5 14 742
5 15 31
5 16 309
5 17 24
5 18 529
5 19 171
5 20 666
5 21 189
5 22 668
5 23 498
5 24 78
5 25 225
5 26 660
5 27 286
5 28 187
5 29 454
5 30 720
5 31 330
5 32 627
5 33 377
5 34 438
5 35 543
5 36 811
5 37 171
5 38 177
5 39 452
5 40 713
5 41 380
5 42 401
5 43 596
5 44 707
5 45 611
5 46 745
5 47 634
5 48 415
5 49 684
5 50 818
5 51 544
5 52 696
5 53 594
5 54 506
5 55 756
5 56 668
5 57 386
5 58 655
5 59 709
5 60 402
5 61 234
5 62 736
5 63 369
5 64 209
5 65 803
5 66 775
5 67 25
5 68 816
5 69 273
5 70 247
5 71 245
5 72 161
5 73 760
5 74 42
5 75 639
5 76 337
5 77 414
5 78 591
5 79 477
5 80 139
5 81 392
5 82 498
5 83 577
5 84 485
5 85 622
5 86 297
5 87 516
5 88 269
5 89 525
5 90 694
5 91 424
5 92 254
5 93 321
5 94 28
5 95 417
5 96 196
5 97 114
5 98 107
5 99 63
6 7 509
6 8 826
6 9 638
6 10 152
6 11 414
6 12 410
6 13 823
6 14 782
6 15 452
6 16 120
6 17 413
6 18 170
6 19 575
6 20 843
6 21 595
6 22 866
6 23 82
6 24 477
6 25 209
6 26 824
6 27 673
6 28 558
6 29 36
6 30 841
6 31 102
6 32 249
6 33 712
6 34 92
6 35 172
6 36 650
6 37 296
6 38 265
6 39 100
6 40 812
6 41 68
6 42 68
6 43 226
6 44 687
6 45 274
6 46 548
6 47 335
6 48 9
6 49 809
6 50 772
6 51 791
6 52 805
6 53 207
6 54 776
6 55 818
6 56 392
6 57 34
6 58 304
6 59 849
6 60 731
6 61 195
6 62 706
6 63 715
6 64 610
6 65 828
6 66 553
6 67 397
6 68 690
6 69 150
6 70 645
6 71 629
6 72 550
6 73 748
6 74 379
6 75 847
6 76 689
6 77 743
6 78 285
6 79 60
6 80 287
6 81 712
6 82 83
6 83 811
6 84 778
6 85 324
6 86 159
6 87 794
6 88 197
6 89 133
6 90 754
6 91 74
6 92 644
6 93 124
6 94 435
6 95 18
6 96 610
6 97 531
6 98 527
6 99 479
7 8 660
7 9 778
7 10 608
7 11 715
7 12 754
7 13 575
7 14 732
7 15 65
7 16 400
7 17 96
7 18 606
7 19 80
7 20 625
7 21 97
7 22 620
7 23 585
7 24 96
7 25 318
7 26 622
7 27 197
7 28 115
7 29 543
7 30 691
7 31 421
7 32 704
7 33 302
7 34 519
7 35 622
7 36 843
7 37 262
7 38 270
7 39 533
7 40 690
7 41 464
7 42 493
7 43 673
7 44 712
7 45 682
7 46 786
7 47 698
7 48 504
7 49 655
7 50 824
7 51 488
7 52 671
7 53 674
7 54 446
7 55 740
7 56 726
7 57 475
7 58 727
7 59 675
7 60 328
7 61 327
7 62 743
7 63 292
7 64 117
7 65 794
7 66 819
7 67 112
7 68 839
7 69 364
7 70 156
7 71 159
7 72 82
7 73 760
7 74 134
7 75 590
7 76 259
7 77 340
7 78 658
7 79 565
7 80 232
7 81 322
7 82 585
7 83 524
7 84 419
7 85 687
7 86 391
7 87 453
7 88 362
7 89 607
7 90 681
7 91 507
7 92 166
7 93 413
7 94 93
7 95 504
7 96 103
7 97 23
7 98 45
7 99 31
8 9 438
8 10 791
8 11 630
8 12 692
8 13 135
8 14 176
8 15 690
8 16 804
8 17 670
8 18 768
8 19 617
8 20 82
8 21 622
8 22 127
8 23 848
8 24 748
8 25 787
8 26 61
8 27 559
8 28 554
8 29 855
8 30 35
8 31 815
8 32 823
8 33 433
8 34 756
8 35 787
8 36 525
8 37 806
8 38 782
8 39 759
8 40 66
8 41 758
8 42 868
8 43 799
8 44 277
8 45 754
8 46 566
8 47 702
8 48 830
8 49 21
8 50 337
8 51 234
8 52 48
8 53 828
8 54 283
8 55 140
8 56 673
8 57 803
8 58 787
8 59 25
8 60 417
8 61 780
8 62 295
8 63 456
8 64 606
8 65 217
8 66 613
8 67 682
8 68 467
8 69 778
8 70 592
8 71 558
8 72 588
8 73 265
8 74 702
8 75 146
8 76 473
8 77 413
8 78 705
8 79 843
8 80 742
8 81 402
8 82 847
8 83 201
8 84 331
8 85 698
8 86 837
8 87 295
8 88 838
8 89 813
8 90 138
8 91 764
8 92 569
8 93 832
8 94 716
8 95 809
8 96 653
8 97 665
8 98 703
8 99 667
9 10 531
9 11 268
9 12 319
9 13 541
9 14 279
9 15 771
9 16 683
9 17 731
9 18 504
9 19 780
9 20 510
9 21 796
9 22 555
9 23 617
9 24 831
9 25 717
9 26 484
9 27 789
9 28 719
9 29 653
9 30 424
9 31 683
9 32 511
9 33 711
9 34 547
9 35 517
9 36 89
9 37 780
9 38 744
9 39 542
9 40 379
9 41 586
9 42 702
9 43 500
9 44 161
9 45 438
9 46 148
9 47 366
9 48 646
9 49 417
9 50 162
9 51 599
9 52 392
9 53 536
9 54 629
9 55 328
9 56 313
9 57 633
9 58 452
9 59 459
9 60 709
9 61 703
9 62 148
9 63 731
9 64 792
9 65 283
9 66 189
9 67 733
9 68 61
9 69 676
9 70 800
9 71 764
9 72 743
9 73 191
9 74 740
9 75 562
9 76 729
9 77 713
9 78 395
9 79 623
9 80 721
9 81 686
9 82 615
9 83 585
9 84 668
9 85 368
9 86 731
9 87 649
9 88 752
9 89 559
9 90 300
9 91 565
9 92 781
9 93 709
9 94 783
9 95 620
9 96 828
9 97 795
9 98 823
9 99 767
10 11 281
10 12 266
10 13 813
10 14 716
10 15 558
10 16 261
10 17 516
10 18 27
10 19 663
10 20 822
10 21 684
10 22 852
10 23 93
10 24 595
10 25 343
10 26 801
10 27 747
10 28 634
10 29 145
10 30 800
10 31 246
10 32 102
10 33 761
10 34 91
10 35 21
10 36 527
10 37 432
10 38 397
10 39 76
10 40 766
10 41 153
10 42 218
10 43 75
10 44 608
10 45 124
10 46 421
10 47 191
10 48 161
10 49 772
10 50 678
10 51 800
10 52 763
10 53 66
10 54 795
10 55 758
10 56 251
10 57 171
10 58 152
10 59 815
10 60 777
10 61 327
10 62 622
10 63 769
10 64 696
10 65 755
10 66 418
10 67 503
10 68 576
10 69 282
10 70 727
10 71 704
10 72 633
10 73 667
10 74 490
10 75 838
10 76 746
10 77 787
10 78 145
10 79 107
10 80 408
10 81 755
10 82 91
10 83 813
10 84 806
10 85 182
10 86 306
10 87 815
10 88 343
10 89 28
10 90 698
10 91 107
10 92 721
10 93 272
10 94 548
10 95 141
10 96 704
10 97 631
10 98 634
10 99 580
11 12 63
11 13 695
11 14 508
11 15 686
11 16 491
11 17 642
11 18 256
11 19 744
11 20 684
11 21 764
11 22 723
11 23 373
11 24 738
11 25 550
11 26 658
11 27 793
11 28 695
11 29 419
11 30 627
11 31 484
11 32 244
11 33 757
11 34 324
11 35 264
11 36 248
11 37 629
11 38 591
11 39 314
11 40 586
11 41 379
11 42 482
11 43 237
11 44 387
11 45 173
11 46 140
11 47 99
11 48 423
11 49 609
11 50 428
11 51 718
11 52 591
11 53 273
11 54 731
11 55 556
11 56 46
11 57 419
11 58 184
11 59 653
11 60 764
11 61 533
11 62 390
11 63 772
11 64 768
11 65 531
11 66 138
11 67 636
11 68 303
11 69 496
11 70 788
11 71 756
11 72 708
11 73 437
11 74 634
11 75 719
11 76 759
11 77 771
11 78 137
11 79 384
11 80 583
11 81 740
11 82 371
11 83 718
11 84 758
11 85 103
11 86 541
11 87 752
11 88 570
11 89 309
11 90 508
11 91 344
11 92 774
11 93 512
11 94 688
11 95 398
11 96 792
11 97 736
11 98 753
11 99 695
12 13 758
12 14 569
12 15 721
12 16 499
12 17 676
12 18 243
12 19 788
12 20 747
12 21 808
12 22 786
12 23 358
12 24 771
12 25 565
12 26 721
12 27 842
12 28 741
12 29 410
12 30 690
12 31 490
12 32 208
12 33 812
12 34 324
12 35 247
12 36 286
12 37 648
12 38 610
12 39 312
12 40 648
12 41 385
12 42 478
12 43 208
12 44 446
12 45 145
12 46 179
12 47 76
12 48 419
12 49 671
12 50 481
12 51 779
12 52 653
12 53 243
12 54 791
12 55 617
12 56 28
12 57 420
12 58 141
12 59 716
12 60 820
12 61 549
12 62 448
12 63 826
12 64 813
12 65 589
12 66 160
12 67 669
12 68 348
12 69 508
12 70 835
12 71 804
12 72 752
12 73 495
12 74 665
12 75 782
12 76 812
12 77 828
12 78 125
12 79 372
12 80 607
12 81 796
12 82 356
12 83 780
12 84 817
12 85 86
12 86 548
12 87 812
12 88 580
12 89 292
12 90 570
12 91 345
12 92 822
12 93 517
12 94 720
12 95 395
12 96 835
12 97 776
12 98 791
12 99 732
13 14 303
13 15 614
13 16 782
13 17 601
13 18 793
13 19 521
13 20 60
13 21 523
13 22 47
13 23 858
13 24 668
13 25 751
13 26 75
13 27 448
13 28 463
13 29 855
13 30 169
13 31 797
13 32 860
13 33 315
13 34 764
13 35 813
13 36 630
13 37 756
13 38 737
13 39 770
13 40 199
13 41 755
13 42 856
13 43 834
13 44 385
13 45 796
13 46 654
13 47 755
13 48 826
13 49 148
13 50 462
13 51 104
13 52 177
13 53 859
13 54 155
13 55 273
13 56 735
13 57 797
13 58 834
13 59 133
13 60 296
13 61 746
13 62 409
13 63 337
13 64 505
13 65 350
13 66 702
13 67 616
13 68 579
13 69 752
13 70 485
13 71 453
13 72 497
13 73 387
13 74 638
13 75 25
13 76 359
13 77 290
13 78 749
13 79 850
13 80 694
13 81 285
13 82 857
13 83 68
13 84 202
13 85 749
13 86 809
13 87 164
13 88 804
13 89 833
13 90 256
13 91 769
13 92 462
13 93 809
13 94 642
13 95 808
13 96 551
13 97 576
13 98 615
13 99 587
14 15 748
14 16 786
14 17 719
14 18 691
14 19 705
14 20 256
14 21 715
14 22 302
14 23 787
14 24 809
14 25 788
14 26 232
14 27 673
14 28 640
14 29 806
14 30 153
14 31 793
14 32 728
14 33 560
14 34 700
14 35 708
14 36 361
14 37 826
14 38 796
14 39 700
14 40 110
14 41 717
14 42 834
14 43 709
14 44 123
14 45 655
14 46 420
14 47 594
14 48 787
14 49 158
14 50 162
14 51 389
14 52 128
14 53 742
14 54 432
14 55 49
14 56 554
14 57 765
14 58 682
14 59 191
14 60 550
14 61 778
14 62 131
14 63 583
14 64 703
14 65 62
14 66 464
14 67 728
14 68 299
14 69 766
14 70 698
14 71 661
14 72 672
14 73 92
14 74 743
14 75 318
14 76 593
14 77 549
14 78 607
14 79 786
14 80 761
14 81 531
14 82 786
14 83 362
14 84 478
14 85 592
14 86 826
14 87 448
14 88 835
14 89 741
14 90 55
14 91 712
14 92 675
14 93 814
14 94 769
14 95 764
14 96 747
14 97 742
14 98 777
14 99 732
15 16 340
15 17 45
15 18 559
15 19 144
15 20 661
15 21 161
15 22 660
15 23 529
15 24 62
15 25 256
15 26 656
15 27 261
15 28 168
15 29 485
15 30 720
15 31 361
15 32 657
15 33 358
15 34 468
15 35 574
15 36 830
15 37 198
15 38 206
15 39 483
15 40 714
15 41 411
15 42 432
15 43 626
15 44 718
15 45 640
15 46 767
15 47 661
15 48 447
15 49 684
15 50 829
15 51 533
15 52 697
15 53 625
15 54 494
15 55 760
15 56 694
15 57 418
15 58 684
15 59 706
15 60 383
15 61 265
15 62 747
15 63 349
15 64 182
15 65 809
15 66 797
15 67 55
15 68 832
15 69 304
15 70 221
15 71 221
15 72 139
15 73 769
15 74 73
15 75 631
15 76 317
15 77 395
15 78 619
15 79 509
15 80 170
15 81 375
15 82 530
15 83 568
15 84 470
15 85 650
15 86 328
15 87 503
15 88 298
15 89 556
15 90 699
15 91 455
15 92 229
15 93 352
15 94 31
15 95 448
15 96 166
15 97 84
15 98 76
15 99 35
16 17 305
16 18 273
16 19 471
16 20 810
16 21 491
16 22 827
16 23 202
16 24 361
16 25 90
16 26 794
16 27 576
16 28 463
16 29 149
16 30 823
16 31 21
16 32 362
16 33 631
16 34 178
16 35 280
16 36 709
16 37 176
16 38 145
16 39 192
16 40 800
16 41 114
16 42 93
16 43 336
16 44 705
16 45 374
16 46 614
16 47 425
16 48 113
16 49 790
16 50 800
16 51 737
16 52 790
16 53 322
16 54 715
16 55 817
16 56 477
16 57 91
16 58 410
16 59 826
16 60 652
16 61 76
16 62 727
16 63 631
16 64 508
16 65 838
16 66 627
16 67 288
16 68 739
16 69 37
16 70 545
16 71 532
16 72 450
16 73 765
16 74 267
16 75 805
16 76 603
16 77 664
16 78 375
16 79 180
16 80 172
16 81 635
16 82 203
16 83 761
16 84 711
16 85 413
16 86 50
16 87 731
16 88 83
16 89 247
16 90 751
16 91 158
16 92 546
16 93 28
16 94 321
16 95 123
16 96 503
16 97 422
16 98 415
16 99 370
17 18 515
17 19 168
17 20 646
17 21 188
17 22 648
17 23 490
17 24 100
17 25 224
17 26 638
17 27 280
17 28 176
17 29 447
17 30 698
17 31 326
17 32 613
17 33 364
17 34 426
17 35 530
17 36 789
17 37 178
17 38 179
17 39 440
17 40 691
17 41 370
17 42 397
17 43 582
17 44 684
17 45 596
17 46 724
17 47 617
17 48 408
17 49 662
17 50 794
17 51 526
17 52 674
17 53 582
17 54 489
17 55 733
17 56 649
17 57 379
17 58 640
17 59 687
17 60 388
17 61 232
17 62 713
17 63 358
17 64 206
17 65 780
17 66 753
17 67 19
17 68 792
17 69 268
17 70 244
17 71 238
17 72 154
17 73 736
17 74 44
17 75 619
17 76 326
17 77 401
17 78 574
17 79 469
17 80 138
17 81 378
17 82 490
17 83 559
17 84 469
17 85 605
17 86 297
17 87 500
17 88 270
17 89 514
17 90 671
17 91 413
17 92 249
17 93 318
17 94 52
17 95 409
17 96 198
17 97 118
17 98 119
17 99 66
18 19 659
18 20 801
18 21 680
18 22 832
18 23 118
18 24 597
18 25 352
18 26 779
18 27 740
18 28 628
18 29 167
18 30 776
18 31 260
18 32 98
18 33 749
18 34 97
18 35 20
18 36 501
18 37 440
18 38 404
18 39 82
18 40 742
18 41 161
18 42 237
18 43 68
18 44 582
18 45 104
18 46 395
18 47 168
18 48 179
18 49 749
18 50 652
18 51 783
18 52 739
18 53 72
18 54 779
18 55 733
18 56 227
18 57 185
18 58 137
18 59 792
18 60 764
18 61 336
18 62 595
18 63 758
18 64 691
18 65 729
18 66 393
18 67 504
18 68 549
18 69 291
18 70 721
18 71 697
18 72 628
18 73 641
18 74 491
18 75 818
18 76 736
18 77 774
18 78 120
18 79 130
18 80 413
18 81 742
18 82 116
18 83 795
18 84 791
18 85 158
18 86 320
18 87 798
18 88 355
18 89 55
18 90 674
18 91 115
18 92 714
18 93 286
18 94 549
18 95 157
18 96 701
18 97 629
18 98 634
18 99 579
19 20 574
19 21 21
19 22 565
19 23 648
19 24 170
19 25 392
19 26 573
19 27 118
19 28 65
19 29 609
19 30 649
19 31 492
19 32 756
19 33 230
19 34 576
19 35 676
19 36 850
19 37 341
19 38 347
19 39 590
19 40 653
19 41 525
19 42 564
19 43 725
19 44 699
19 45 728
19 46 803
19 47 737
19 48 571
19 49 614
19 50 810
19 51 428
19 52 633
19 53 729
19 54 383
19 55 708
19 56 760
19 57 540
19 58 774
19 59 629
19 60 256
19 61 400
19 62 730
19 63 217
19 64 38
19 65 767
19 66 839
19 67 186
19 68 840
19 69 434
19 70 77
19 71 81
19 72 38
19 73 743
19 74 210
19 75 534
19 76 186
19 77 267
19 78 700
19 79 629
19 80 306
19 81 253
19 82 648
19 83 466
19 84 351
19 85 726
19 86 465
19 87 388
19 88 438
19 89 665
19 90 652
19 91 566
19 92 87
19 93 486
19 94 173
19 95 569
19 96 48
19 97 67
19 98 102
19 99 109
20 21 577
20 22 46
20 23 873
20 24 716
20 25 783
20 26 26
20 27 505
20 28 514
20 29 874
20 30 113
20 31 823
20 32 863
20 33 374
20 34 779
20 35 820
20 36 598
20 37 794
20 38 773
20 39 784
20 40 148
20 41 775
20 42 880
20 43 837
20 44 351
20 45 796
20 46 632
20 47 750
20 48 846
20 49 99
20 50 418
20 51 164
20 52 128
20 53 864
20 54 215
20 55 222
20 56 726
20 57 818
20 58 832
20 59 75
20 60 355
20 61 778
20 62 371
20 63 396
20 64 560
20 65 298
20 66 679
20 67 659
20 68 543
20 69 781
20 70 542
20 71 509
20 72 549
20 73 345
20 74 681
20 75 65
20 76 416
20 77 350
20 78 748
20 79 865
20 80 731
20 81 343
20 82 871
20 83 128
20 84 262
20 85 745
20 86 839
20 87 224
20 88 836
20 89 843
20 90 215
20 91 785
20 92 518
20 93 837
20 94 689
20 95 827
20 96 606
20 97 628
20 98 666
20 99 635
21 22 566
21 23 669
21 24 182
21 25 412
21 26 577
21 27 104
21 28 77
21 29 630
21 30 655
21 31 512
21 32 777
21 33 225
21 34 597
21 35 697
21 36 867
21 37 359
21 38 366
21 39 611
21 40 659
21 41 546
21 42 584
21 43 746
21 44 712
21 45 749
21 46 821
21 47 758
21 48 592
21 49 620
21 50 823
21 51 428
21 52 639
21 53 750
21 54 382
21 55 716
21 56 780
21 57 561
21 58 794
21 59 634
21 60 250
21 61 419
21 62 742
21 63 210
21 64 22
21 65 776
21 66 857
21 67 205
21 68 855
21 69 454
21 70 61
21 71 74
21 72 56
21 73 754
21 74 229
21 75 534
21 76 179
21 77 261
21 78 721
21 79 650
21 80 326
21 81 250
21 82 669
21 83 466
21 84 348
21 85 747
21 86 485
21 87 385
21 88 457
21 89 686
21 90 661
21 91 587
21 92 75
21 93 506
21 94 189
21 95 589
21 96 33
21 97 80
21 98 111
21 99 126
22 23 900
22 24 713
22 25 797
22 26 72
22 27 488
22 28 508
22 29 898
22 30 156
22 31 841
22 32 896
22 33 355
22 34 806
22 35 851
22 36 644
22 37 802
22 38 783
22 39 811
22 40 194
22 41 798
22 42 900
22 43 870
22 44 397
22 45 831
22 46 675
22 47 787
22 48 869
22 49 145
22 50 464
22 51 141
22 52 174
22 53 896
22 54 192
22 55 267
22 56 765
22 57 840
22 58 868
22 59 117
22 60 334
22 61 792
22 62 418
22 63 376
22 64 548
22 65 343
22 66 723
22 67 662
22 68 589
22 69 797
22 70 527
22 71 496
22 72 542
22 73 391
22 74 685
22 75 32
22 76 399
22 77 327
22 78 783
22 79 891
22 80 740
22 81 325
22 82 898
22 83 103
22 84 237
22 85 782
22 86 855
22 87 197
22 88 850
22 89 872
22 90 261
22 91 811
22 92 504
22 93 854
22 94 689
22 95 851
22 96 594
22 97 621
22 98 659
22 99 633
23 24 558
23 25 291
23 26 853
23 27 742
23 28 628
23 29 60
23 30 860
23 31 184
23 32 176
23 33 772
23 34 94
23 35 112
23 36 618
23 37 378
23 38 347
23 39 89
23 40 829
23 41 123
23 42 137
23 43 158
23 44 685
23 45 215
23 46 512
23 47 284
23 48 90
23 49 831
23 50 760
23 51 835
23 52 824
23 53 133
23 54 824
23 55 827
23 56 344
23 57 113
23 58 238
23 59 873
23 60 790
23 61 277
23 62 700
23 63 777
23 64 683
23 65 829
23 66 510
23 67 475
23 68 665
23 69 232
23 70 717
23 71 698
23 72 621
23 73 745
23 74 458
23 75 883
23 76 752
23 77 801
23 78 238
23 79 22
23 80 367
23 81 770
23 82 2
23 83 852
23 84 830
23 85 275
23 86 240
23 87 843
23 88 278
23 89 66
23 90 765
23 91 92
23 92 714
23 93 206
23 94 514
23 95 82
23 96 685
23 97 608
23 98 605
23 99 555
24 25 272
24 26 712
24 27 286
24 28 210
24 29 509
24 30 778
24 31 382
24 32 695
24 33 397
24 34 504
24 35 611
24 36 889
24 37 199
24 38 218
24 39 519
24 40 774
24 41 444
24 42 450
24 43 665
24 44 779
24 45 683
24 46 823
24 47 709
24 48 472
24 49 742
24 50 891
24 51 583
24 52 756
24 53 661
24 54 542
24 55 820
24 56 744
24 57 445
24 58 726
24 59 763
24 60 423
24 61 284
24 62 809
24 63 386
24 64 204
24 65 870
24 66 852
24 67 102
24 68 892
24 69 327
24 70 242
24 71 251
24 72 178
24 73 830
24 74 107
24 75 683
24 76 354
24 77 435
24 78 665
24 79 536
24 80 191
24 81 417
24 82 558
24 83 618
24 84 514
24 85 697
24 86 340
24 87 549
24 88 307
24 89 590
24 90 759
24 91 489
24 92 256
24 93 368
24 94 51
24 95 476
24 96 175
24 97 103
24 98 72
24 99 81
25 26 770
25 27 502
25 28 392
25 29 239
25 30 809
25 31 110
25 32 445
25 33 569
25 34 255
25 35 362
25 36 752
25 37 88
25 38 56
25 39 271
25 40 790
25 41 191
25 42 178
25 43 418
25 44 719
25 45 450
25 46 664
25 47 494
25 48 202
25 49 774
25 50 821
25 51 695
25 52 778
25 53 406
25 54 668
25 55 815
25 56 541
25 57 178
25 58 489
25 59 808
25 60 592
25 61 16
25 62 744
25 63 567
25 64 430
25 65 843
25 66 681
25 67 207
25 68 776
25 69 61
25 70 468
25 71 459
25 72 375
25 73 778
25 74 184
25 75 772
25 76 537
25 77 604
25 78 445
25 79 269
25 80 86
25 81 577
25 82 292
25 83 722
25 84 659
25 85 482
25 86 73
25 87 683
25 88 54
25 89 332
25 90 749
25 91 237
25 92 471
25 93 96
25 94 235
25 95 211
25 96 421
25 97 340
25 98 329
25 99 288
26 27 509
26 28 513
26 29 855
26 30 94
26 31 807
26 32 839
26 33 380
26 34 759
26 35 798
26 36 572
26 37 783
26 38 761
26 39 764
26 40 126
26 41 756
26 42 862
26 43 814
26 44 325
26 45 772
26 46 605
26 47 725
26 48 828
26 49 75
26 50 393
26 51 175
26 52 105
26 53 842
26 54 225
26 55 200
26 56 701
26 57 800
26 58 808
26 59 60
26 60 363
26 61 764
26 62 346
26 63 402
26 64 561
26 65 276
26 66 653
26 67 652
26 68 517
26 69 766
26 70 544
26 71 511
26 72 547
26 73 320
26 74 673
26 75 86
26 76 421
26 77 358
26 78 724
26 79 846
26 80 720
26 81 349
26 82 851
26 83 141
26 84 273
26 85 721
26 86 824
26 87 236
26 88 823
26 89 821
26 90 189
26 91 766
26 92 521
26 93 821
26 94 682
26 95 808
26 96 607
26 97 625
26 98 663
26 99 631
27 28 115
27 29 708
27 30 594
27 31 597
27 32 835
27 33 135
27 34 664
27 35 758
27 36 866
27 37 457
27 38 460
27 39 677
27 40 604
27 41 619
27 42 669
27 43 803
27 44 687
27 45 799
27 46 833
27 47 799
27 48 670
27 49 561
27 50 795
27 51 347
27 52 583
27 53 811
27 54 298
27 55 667
27 56 814
27 57 639
27 58 845
27 59 568
27 60 158
27 61 508
27 62 717
27 63 116
27 64 82
27 65 733
27 66 873
27 67 299
27 68 846
27 69 539
27 70 46
27 71 44
27 72 127
27 73 723
27 74 324
27 75 456
27 76 89
27 77 167
27 78 766
27 79 724
27 80 418
27 81 164
27 82 742
27 83 386
27 84 258
27 85 788
27 86 575
27 87 298
27 88 550
27 89 752
27 90 618
27 91 656
27 92 32
27 93 593
27 94 290
27 95 665
27 96 120
27 97 184
27 98 216
27 99 225
28 29 594
28 30 587
28 31 483
28 32 723
28 33 190
28 34 550
28 35 646
28 36 791
28 37 354
28 38 353
28 39 563
28 40 589
28 41 504
28 42 556
28 43 692
28 44 635
28 45 691
28 46 747
28 47 694
28 48 556
28 49 551
28 50 746
28 51 374
28 52 569
28 53 699
28 54 331
28 55 644
28 56 713
28 57 524
28 58 736
28 59 568
28 60 216
28 61 397
28 62 665
28 63 183
28 64 74
28 65 702
28 66 784
28 67 194
28 68 779
28 69 426
28 70 95
28 71 71
28 72 34
28 73 678
28 74 220
28 75 477
28 76 151
28 77 228
28 78 659
28 79 609
28 80 309
28 81 208
28 82 627
28 83 410
28 84 304
28 85 683
28 86 464
28 87 338
28 88 442
28 89 639
28 90 587
28 91 542
28 92 87
28 93 481
28 94 198
28 95 551
28 96 110
28 97 114
28 98 152
28 99 134
29 30 869
29 31 129
29 32 235
29 33 747
29 34 107
29 35 166
29 36 660
29 37 324
29 38 295
29 39 111
29 40 840
29 41 101
29 42 77
29 43 216
29 44 708
29 45 269
29 46 556
29 47 335
29 48 39
29 49 838
29 50 790
29 51 825
29 52 833
29 53 192
29 54 811
29 55 843
29 56 394
29 57 70
29 58 295
29 59 879
29 60 767
29 61 225
29 62 726
29 63 751
29 64 645
29 65 851
29 66 558
29 67 431
29 68 703
29 69 182
29 70 681
29 71 664
29 72 585
29 73 769
29 74 413
29 75 880
29 76 724
29 77 778
29 78 286
29 79 40
29 80 319
29 81 748
29 82 61
29 83 844
29 84 813
29 85 325
29 86 183
29 87 828
29 88 221
29 89 122
29 90 780
29 91 93
29 92 679
29 93 149
29 94 468
29 95 48
29 96 644
29 97 565
29 98 560
29 99 513
30 31 834
30 32 828
30 33 468
30 34 768
30 35 795
30 36 510
30 37 832
30 38 806
30 39 771
30 40 45
30 41 773
30 42 885
30 43 805
30 44 263
30 45 757
30 46 557
30 47 704
30 48 845
30 49 36
30 50 314
30 51 269
30 52 37
30 53 835
30 54 318
30 55 112
30 56 672
30 57 819
30 58 789
30 59 40
30 60 452
30 61 802
30 62 278
30 63 490
30 64 640
30 65 187
30 66 603
30 67 710
30 68 450
30 69 798
30 70 626
30 71 592
30 72 620
30 73 245
30 74 729
30 75 178
30 76 507
30 77 448
30 78 709
30 79 856
30 80 767
30 81 437
30 82 859
30 83 235
30 84 366
30 85 700
30 86 858
30 87 330
30 88 860
30 89 823
30 90 124
30 91 777
30 92 603
30 93 851
30 94 745
30 95 824
30 96 686
30 97 697
30 98 734
30 99 697
31 32 347
31 33 650
31 34 166
31 35 266
31 36 706
31 37 195
31 38 165
31 39 180
31 40 810
31 41 105
31 42 72
31 43 322
31 44 710
31 45 362
31 46 610
31 47 415
31 48 94
31 49 801
31 50 803
31 51 753
31 52 801
31 53 306
31 54 732
31 55 825
31 56 468
31 57 75
31 58 397
31 59 838
31 60 671
31 61 97
31 62 732
31 63 651
31 64 529
31 65 844
31 66 621
31 67 309
31 68 739
31 69 58
31 70 565
31 71 552
31 72 471
31 73 770
31 74 288
31 75 820
31 76 622
31 77 683
31 78 365
31 79 161
31 80 192
31 81 654
31 82 185
31 83 776
31 84 728
31 85 404
31 86 60
31 87 748
31 88 97
31 89 231
31 90 760
31 91 146
31 92 566
31 93 28
31 94 342
31 95 107
31 96 524
31 97 443
31 98 435
31 99 391
32 33 838
32 34 192
32 35 84
32 36 490
32 37 534
32 38 499
32 39 177
32 40 790
32 41 255
32 42 312
32 43 32
32 44 612
32 45 74
32 46 382
32 47 145
32 48 258
32 49 803
32 50 667
32 51 858
32 52 790
32 53 44
32 54 858
32 55 773
32 56 203
32 57 272
32 58 69
32 59 847
32 60 852
32 61 429
32 62 621
32 63 848
32 64 788
32 65 759
32 66 368
32 67 602
32 68 548
32 69 384
32 70 817
32 71 793
32 72 725
32 73 668
32 74 589
32 75 885
32 76 827
32 77 862
32 78 121
32 79 196
32 80 510
32 81 830
32 82 174
32 83 867
32 84 873
32 85 142
32 86 406
32 87 878
32 88 443
32 89 116
32 90 717
32 91 209
32 92 810
32 93 372
32 94 647
32 95 240
32 96 799
32 97 727
32 98 732
32 99 677
33 34 685
33 35 768
33 36 793
33 37 541
33 38 535
33 39 697
33 40 483
33 41 650
33 42 720
33 43 807
33 44 591
33 45 793
33 46 775
33 47 779
33 48 711
33 49 437
33 50 695
33 51 213
33 52 461
33 53 821
33 54 163
33 55 550
33 56 784
33 57 679
33 58 837
33 59 440
33 60 26
33 61 571
33 62 621
33 63 23
33 64 204
33 65 619
33 66 818
33 67 382
33 68 764
33 69 594
33 70 176
33 71 151
33 72 220
33 73 620
33 74 408
33 75 323
33 76 46
33 77 37
33 78 754
33 79 756
33 80 491
33 81 31
33 82 771
33 83 252
33 84 124
33 85 770
33 86 639
33 87 163
33 88 621
33 89 770
33 90 506
33 91 681
33 92 155
33 93 652
33 94 389
33 95 701
33 96 248
33 97 295
33 98 332
33 99 324
34 35 108
34 36 558
34 37 343
34 38 308
34 39 15
34 40 737
34 41 65
34 42 159
34 43 163
34 44 601
34 45 197
34 46 457
34 47 250
34 48 100
34 49 738
34 50 683
34 51 742
34 52 732
34 53 157
34 54 732
34 55 738
34 56 304
34 57 95
34 58 233
34 59 780
34 60 703
34 61 239
34 62 619
34 63 692
34 64 609
34 65 744
34 66 462
34 67 413
34 68 598
34 69 195
34 70 642
34 71 620
34 72 547
34 73 662
34 74 399
34 75 789
34 76 668
34 77 713
34 78 200
34 79 87
34 80 318
34 81 682
34 82 93
34 83 758
34 84 739
34 85 239
34 86 226
34 87 751
34 88 260
34 89 89
34 90 676
34 91 20
34 92 637
34 93 194
34 94 457
34 95 74
34 96 616
34 97 542
34 98 544
34 99 490
35 36 511
35 37 450
35 38 415
35 39 93
35 40 760
35 41 172
35 42 239
35 43 56
35 44 599
35 45 104
35 46 404
35 47 172
35 48 182
35 49 768
35 50 666
35 51 803
35 52 758
35 53 53
35 54 799
35 55 751
35 56 233
35 57 191
35 58 132
35 59 812
35 60 784
35 61 346
35 62 611
35 63 777
35 64 708
35 65 745
35 66 400
35 67 518
35 68 561
35 69 301
35 70 739
35 71 715
35 72 645
35 73 657
35 74 506
35 75 838
35 76 755
35 77 794
35 78 128
35 79 127
35 80 425
35 81 762
35 82 110
35 83 815
35 84 811
35 85 164
35 86 326
35 87 818
35 88 362
35 89 46
35 90 692
35 91 125
35 92 732
35 93 292
35 94 564
35 95 161
35 96 718
35 97 645
35 98 649
35 99 594
36 37 821
36 38 784
36 39 550
36 40 465
36 41 605
36 42 716
36 43 485
36 44 248
36 45 421
36 46 108
36 47 346
36 48 658
36 49 504
36 50 225
36 51 687
36 52 478
36 53 521
36 54 716
36 55 410
36 56 287
36 57 649
36 58 426
36 59 545
36 60 793
36 61 737
36 62 232
36 63 813
36 64 864
36 65 358
36 66 132
36 67 789
36 68 71
36 69 706
36 70 874
36 71 838
36 72 812
36 73 271
36 74 793
36 75 650
36 76 810
36 77 796
36 78 384
36 79 627
36 80 766
36 81 769
36 82 616
36 83 673
36 84 755
36 85 352
36 86 758
36 87 736
36 88 783
36 89 555
36 90 387
36 91 577
36 92 856
36 93 733
36 94 840
36 95 632
36 96 898
36 97 861
36 98 886
36 99 829
37 38 38
37 39 359
37 40 817
37 41 279
37 42 257
37 43 506
37 44 768
37 45 537
37 46 738
37 47 578
37 48 289
37 49 796
37 50 873
37 51 690
37 52 803
37 53 495
37 54 658
37 55 848
37 56 624
37 57 266
37 58 576
37 59 826
37 60 565
37 61 104
37 62 794
37 63 536
37 64 379
37 65 884
37 66 758
37 67 160
37 68 840
37 69 150
37 70 418
37 71 415
37 72 331
37 73 825
37 74 134
37 75 776
37 76 504
37 77 577
37 78 530
37 79 356
37 80 65
37 81 553
37 82 379
37 83 720
37 84 642
37 85 566
37 86 145
37 87 670
37 88 109
37 89 421
37 90 783
37 91 325
37 92 425
37 93 176
37 94 171
37 95 299
37 96 362
37 97 281
37 98 263
37 99 233
38 39 323
38 40 790
38 41 243
38 42 232
38 43 470
38 44 735
38 45 500
38 46 700
38 47 540
38 48 258
38 49 771
38 50 839
38 51 674
38 52 777
38 53 460
38 54 645
38 55 820
38 56 586
38 57 234
38 58 540
38 59 802
38 60 559
38 61 70
38 62 761
38 63 532
38 64 385
38 65 853
38 66 720
38 67 161
38 68 803
38 69 116
38 70 423
38 71 417
38 72 333
38 73 793
38 74 136
38 75 757
38 76 501
38 77 571
38 78 492
38 79 325
38 80 45
38 81 546
38 82 347
38 83 704
38 84 632
38 85 529
38 86 123
38 87 658
38 88 92
38 89 387
38 90 754
38 91 290
38 92 428
38 93 150
38 94 183
38 95 266
38 96 372
38 97 291
38 98 277
38 99 240
39 40 740
39 41 80
39 42 168
39 43 148
39 44 600
39 45 182
39 46 448
39 47 237
39 48 109
39 49 741
39 50 679
39 51 750
39 52 735
39 53 142
39 54 741
39 55 739
39 56 293
39 57 108
39 58 219
39 59 783
39 60 714
39 61 254
39 62 616
39 63 703
39 64 623
39 65 743
39 66 452
39 67 428
39 68 592
39 69 210
39 70 655
39 71 633
39 72 561
39 73 660
39 74 414
39 75 795
39 76 680
39 77 724
39 78 187
39 79 86
39 80 333
39 81 693
39 82 88
39 83 765
39 84 749
39 85 226
39 86 240
39 87 760
39 88 275
39 89 75
39 90 677
39 91 34
39 92 650
39 93 207
39 94 472
39 95 84
39 96 630
39 97 556
39 98 559
39 99 505
40 41 746
40 42 858
40 43 768
40 44 219
40 45 719
40 46 513
40 47 664
40 48 817
40 49 51
40 50 272
40 51 293
40 52 22
40 53 799
40 54 340
40 55 74
40 56 631
40 57 792
40 58 750
40 59 82
40 60 469
40 61 782
40 62 234
40 63 505
40 64 645
40 65 151
40 66 559
40 67 702
40 68 405
40 69 776
40 70 635
40 71 599
40 72 622
40 73 201
40 74 720
40 75 212
40 76 520
40 77 466
40 78 671
40 79 825
40 80 752
40 81 452
40 82 827
40 83 263
40 84 388
40 85 661
40 86 836
40 87 354
40 88 840
40 89 789
40 90 80
40 91 747
40 92 611
40 93 828
40 94 739
40 95 795
40 96 691
40 97 697
40 98 734
40 99 694
41 42 118
41 43 227
41 44 626
41 45 261
41 46 507
41 47 311
41 48 72
41 49 742
41 50 714
41 51 724
41 52 738
41 53 218
41 54 710
41 55 753
41 56 363
41 57 48
41 58 298
41 59 782
41 60 669
41 61 175
41 62 646
41 63 655
41 64 560
41 65 765
41 66 516
41 67 356
41 68 640
41 69 130
41 70 594
41 71 575
41 72 498
41 73 687
41 74 341
41 75 779
41 76 630
41 77 680
41 78 261
41 79 106
41 80 255
41 81 650
41 82 123
41 83 743
41 84 713
41 85 299
41 86 164
41 87 728
41 88 197
41 89 146
41 90 689
41 91 47
41 92 591
41 93 133
41 94 398
41 95 53
41 96 564
41 97 487
41 98 487
41 99 435
42 43 291
42 44 744
42 45 341
42 46 615
42 47 403
42 48 59
42 49 852
42 50 832
42 51 817
42 52 850
42 53 269
42 54 798
42 55 868
42 56 460
42 57 70
42 58 370
42 59 891
42 60 741
42 61 167
42 62 763
42 63 722
42 64 601
42 65 882
42 66 621
42 67 381
42 68 755
42 69 130
42 70 638
42 71 625
42 72 543
42 73 804
42 74 359
42 75 880
42 76 694
42 77 753
42 78 354
42 79 116
42 80 263
42 81 724
42 82 139
42 83 839
42 84 796
42 85 393
42 86 112
42 87 815
42 88 150
42 89 197
42 90 804
42 91 139
42 92 639
42 93 82
42 94 412
42 95 84
42 96 595
42 97 515
42 98 506
42 99 462
43 44 595
43 45 64
43 46 377
43 47 139
43 48 235
43 49 780
43 50 654
43 51 830
43 52 768
43 53 36
43 54 829
43 55 753
43 56 200
43 57 246
43 58 79
43 59 824
43 60 822
43 61 402
43 62 605
43 63 817
43 64 756
43 65 742
43 66 367
43 67 571
43 68 540
43 69 357
43 70 786
43 71 761
43 72 693
43 73 652
43 74 559
43 75 859
43 76 796
43 77 831
43 78 105
43 79 176
43 80 480
43 81 799
43 82 156
43 83 839
43 84 844
43 85 134
43 86 381
43 87 849
43 88 418
43 89 94
43 90 697
43 91 181
43 92 778
43 93 347
43 94 617
43 95 216
43 96 767
43 97 696
43 98 701
43 99 646
44 45 539
44 46 297
44 47 475
44 48 693
44 49 256
44 50 112
44 51 453
44 52 231
44 53 629
44 54 488
44 55 172
44 56 433
44 57 674
44 58 563
44 59 298
44 60 585
44 61 708
44 62 31
44 63 613
44 64 704
44 65 147
44 66 342
44 67 689
44 68 193
44 69 689
44 70 705
44 71 668
44 72 663
44 73 61
44 74 701
44 75 405
44 76 616
44 77 587
44 78 492
44 79 686
44 80 704
44 81 564
44 82 683
44 83 434
44 84 531
44 85 474
44 86 749
44 87 507
44 88 763
44 89 635
44 90 139
44 91 615
44 92 684
44 93 733
44 94 735
44 95 669
44 96 744
44 97 726
44 98 758
44 99 707
45 46 313
45 47 75
45 48 283
45 49 733
45 50 594
45 51 799
45 52 720
45 53 100
45 54 802
45 55 700
45 56 135
45 57 289
45 58 45
45 59 778
45 60 805
45 61 434
45 62 547
45 63 804
45 64 758
45 65 686
45 66 303
45 67 586
45 68 476
45 69 390
45 70 785
45 71 758
45 72 695
45 73 594
45 74 576
45 75 821
45 76 785
45 77 814
45 78 48
45 79 230
45 80 505
45 81 782
45 82 213
45 83 806
45 84 820
45 85 70
45 86 422
45 87 822
45 88 457
45 89 149
45 90 646
45 91 216
45 92 776
45 93 389
45 94 634
45 95 261
45 96 773
45 97 705
45 98 714
45 99 657
46 47 238
46 48 557
46 49 545
46 50 309
46 51 697
46 52 522
46 53 413
46 54 720
46 55 469
46 56 179
46 57 550
46 58 318
46 59 589
46 60 778
46 61 649
46 62 291
46 63 793
46 64 821
46 65 429
46 66 47
46 67 722
46 68 169
46 69 615
46 70 836
46 71 801
46 72 765
46 73 337
46 74 723
46 75 677
46 76 786
46 77 783
46 78 277
46 79 522
46 80 686
46 81 754
46 82 510
46 83 689
46 84 753
46 85 243
46 86 664
46 87 740
46 88 691
46 89 449
46 90 433
46 91 476
46 92 819
46 93 637
46 94 773
46 95 531
46 96 851
46 97 806
46 98 828
46 99 770
47 48 344
47 49 682
47 50 524
47 51 767
47 52 666
47 53 175
47 54 774
47 55 640
47 56 61
47 57 345
47 58 88
47 59 727
47 60 790
47 61 477
47 62 481
47 63 792
47 64 764
47 65 621
47 66 229
47 67 609
47 68 402
47 69 436
47 70 789
47 71 759
47 72 702
47 73 528
47 74 602
47 75 780
47 76 776
47 77 798
47 78 50
47 79 297
47 80 539
47 81 766
47 82 282
47 83 770
47 84 796
47 85 12
47 86 474
47 87 794
47 88 507
47 89 218
47 90 588
47 91 270
47 92 778
47 93 443
47 94 659
47 95 320
47 96 783
47 97 721
47 98 733
47 99 675
48 49 813
48 50 779
48 51 793
48 52 810
48 53 216
48 54 777
48 55 823
48 56 401
48 57 32
48 58 313
48 59 853
48 60 730
48 61 188
48 62 712
48 63 714
48 64 607
48 65 834
48 66 561
48 67 393
48 68 698
48 69 144
48 70 642
48 71 626
48 72 547
48 73 754
48 74 374
48 75 850
48 76 687
48 77 742
48 78 294
48 79 67
48 80 281
48 81 711
48 82 91
48 83 812
48 84 779
48 85 333
48 86 151
48 87 795
48 88 189
48 89 142
48 90 759
48 91 81
48 92 641
48 93 116
48 94 430
48 95 26
48 96 606
48 97 527
48 98 522
48 99 474
49 50 319
49 51 243
49 52 30
49 53 809
49 54 291
49 55 126
49 56 652
49 57 787
49 58 766
49 59 45
49 60 422
49 61 767
49 62 275
49 63 459
49 64 605
49 65 202
49 66 592
49 67 674
49 68 447
49 69 764
49 70 593
49 71 558
49 72 585
49 73 246
49 74 693
49 75 161
49 76 475
49 77 418
49 78 685
49 79 825
49 80 731
49 81 406
49 82 829
49 83 212
49 84 338
49 85 678
49 86 824
49 87 304
49 88 825
49 89 795
49 90 118
49 91 747
49 92 569
49 93 817
49 94 709
49 95 792
49 96 651
49 97 662
49 98 699
49 99 661
50 51 542
50 52 290
50 53 689
50 54 582
50 55 203
50 56 473
50 57 761
50 58 611
50 59 353
50 60 688
50 61 808
50 62 82
50 63 717
50 64 815
50 65 138
50 66 348
50 67 799
50 68 155
50 69 787
50 70 815
50 71 778
50 72 774
50 73 77
50 74 811
50 75 479
50 76 723
50 77 688
50 78 549
50 79 764
50 80 810
50 81 667
50 82 759
50 83 519
50 84 626
50 85 525
50 86 846
50 87 599
50 88 862
50 89 706
50 90 206
50 91 699
50 92 793
50 93 827
50 94 846
50 95 753
50 96 856
50 97 838
50 98 870
50 99 819
51 52 271
51 53 852
51 54 51
51 55 366
51 56 755
51 57 762
51 58 840
51 59 236
51 60 193
51 61 692
51 62 480
51 63 235
51 64 409
51 65 441
51 66 744
51 67 541
51 68 643
51 69 704
51 70 387
51 71 357
51 72 408
51 73 465
51 74 565
51 75 109
51 76 258
51 77 186
51 78 754
51 79 824
51 80 630
51 81 184
51 82 834
51 83 39
51 84 98
51 85 760
51 86 758
51 87 61
51 88 749
51 89 817
51 90 337
51 91 744
51 92 364
51 93 762
51 94 563
51 95 777
51 96 455
51 97 487
51 98 525
51 99 503
52 53 797
52 54 318
52 55 96
52 56 635
52 57 784
52 58 752
52 59 67
52 60 446
52 61 770
52 62 248
52 63 483
52 64 625
52 65 172
52 66 569
52 67 685
52 68 420
52 69 765
52 70 613
52 71 578
52 72 602
52 73 218
52 74 704
52 75 191
52 76 498
52 77 443
52 78 672
52 79 820
52 80 738
52 81 430
52 82 822
52 83 240
52 84 365
52 85 663
52 86 825
52 87 331
52 88 829
52 89 786
52 90 91
52 91 741
52 92 590
52 93 818
52 94 721
52 95 788
52 96 671
52 97 678
52 98 715
52 99 676
53 54 849
53 55 785
53 56 235
53 57 231
53 58 109
53 59 853
53 60 836
53 61 391
53 62 639
53 63 830
53 64 761
53 65 776
53 66 402
53 67 569
53 68 576
53 69 345
53 70 792
53 71 769
53 72 698
53 73 686
53 74 556
53 75 884
53 76 808
53 77 846
53 78 140
53 79 153
53 80 473
53 81 814
53 82 131
53 83 862
53 84 862
53 85 170
53 86 365
53 87 869
53 88 402
53 89 75
53 90 728
53 91 172
53 92 786
53 93 331
53 94 614
53 95 199
53 96 770
53 97 697
53 98 700
53 99 646
54 55 412
54 56 766
54 57 746
54 58 844
54 59 286
54 60 142
54 61 667
54 62 516
54 63 184
54 64 362
54 65 486
54 66 766
54 67 506
54 68 676
54 69 681
54 70 338
54 71 309
54 72 365
54 73 505
54 74 530
54 75 160
54 76 208
54 77 135
54 78 758
54 79 812
54 80 600
54 81 134
54 82 823
54 83 89
54 84 48
54 85 766
54 86 734
54 87 21
54 88 722
54 89 810
54 90 379
54 91 733
54 92 315
54 93 740
54 94 524
54 95 763
54 96 408
54 97 444
54 98 482
54 99 463
55 56 601
55 57 800
55 58 728
55 59 152
55 60 537
55 61 805
55 62 180
55 63 572
55 64 704
55 65 76
55 66 513
55 67 743
55 68 346
55 69 795
55 70 695
55 71 659
55 72 676
55 73 139
55 74 759
55 75 286
55 76 585
55 77 535
55 78 652
55 79 825
55 80 783
55 81 519
55 82 825
55 83 337
55 84 459
55 85 638
55 86 856
55 87 426
55 88 863
55 89 783
55 90 66
55 91 750
55 92 672
55 93 845
55 94 783
55 95 800
55 96 749
55 97 749
55 98 785
55 99 742
56 57 400
56 58 140
56 59 697
56 60 793
56 61 525
56 62 436
56 63 799
56 64 785
56 65 577
56 66 168
56 67 642
56 68 346
56 69 485
56 70 807
56 71 776
56 72 724
56 73 484
56 74 638
56 75 760
56 76 785
56 77 801
56 78 107
56 79 357
56 80 581
56 81 769
56 82 342
56 83 756
56 84 791
56 85 69
56 86 527
56 87 787
56 88 558
56 89 278
56 90 553
56 91 325
56 92 794
56 93 496
56 94 693
56 95 376
56 96 807
56 97 748
56 98 763
56 99 704
57 58 322
57 59 826
57 60 699
57 61 164
57 62 693
57 63 682
57 64 576
57 65 813
57 66 557
57 67 364
57 68 686
57 69 119
57 70 611
57 71 595
57 72 516
57 73 734
57 74 346
57 75 821
57 76 655
57 77 710
57 78 295
57 79 92
57 80 254
57 81 680
57 82 114
57 83 782
57 84 747
57 85 334
57 86 135
57 87 764
57 88 172
57 89 156
57 90 736
57 91 75
57 92 610
57 93 101
57 94 402
57 95 32
57 96 576
57 97 497
57 98 493
57 99 445
58 59 811
58 60 849
58 61 472
58 62 569
58 63 848
58 64 803
58 65 709
58 66 302
58 67 630
58 68 485
58 69 428
58 70 830
58 71 804
58 72 740
58 73 617
58 74 620
58 75 859
58 76 830
58 77 858
58 78 86
58 79 255
58 80 546
58 81 826
58 82 236
58 83 846
58 84 863
58 85 89
58 86 457
58 87 864
58 88 493
58 89 173
58 90 675
58 91 253
58 92 821
58 93 423
58 94 677
58 95 293
58 96 818
58 97 750
58 98 758
58 99 701
59 60 423
59 61 801
59 62 314
59 63 462
59 64 618
59 65 227
59 66 635
59 67 700
59 68 486
59 69 800
59 70 602
59 71 568
59 72 601
59 73 283
59 74 720
59 75 140
59 76 481
59 77 418
59 78 730
59 79 867
59 80 762
59 81 409
59 82 871
59 83 201
59 84 333
59 85 723
59 86 859
59 87 296
59 88 860
59 89 837
59 90 158
59 91 788
59 92 579
59 93 854
59 94 732
59 95 832
59 96 664
59 97 679
59 98 717
59 99 682
60 61 594
60 62 615
60 63 42
60 64 229
60 65 608
60 66 822
60 67 407
60 68 762
60 69 616
60 70 201
60 71 177
60 72 246
60 73 612
60 74 432
60 75 302
60 76 71
60 77 12
60 78 766
60 79 775
60 80 514
60 81 24
60 82 789
60 83 231
60 84 100
60 85 781
60 86 662
60 87 140
60 88 644
60 89 787
60 90 495
60 91 699
60 92 179
60 93 674
60 94 414
60 95 720
60 96 273
60 97 321
60 98 357
60 99 349
61 62 732
61 63 570
61 64 437
61 65 833
61 66 666
61 67 215
61 68 761
61 69 46
61 70 474
61 71 464
61 72 381
61 73 767
61 74 193
61 75 768
61 76 540
61 77 606
61 78 428
61 79 255
61 80 96
61 81 578
61 82 277
61 83 719
61 84 659
61 85 466
61 86 68
61 87 682
61 88 59
61 89 317
61 90 740
61 91 221
61 92 477
61 93 87
61 94 245
61 95 196
61 96 429
61 97 348
61 98 339
61 99 296
62 63 643
62 64 734
62 65 141
62 66 335
62 67 718
62 68 172
62 69 713
62 70 736
62 71 698
62 72 693
62 73 48
62 74 730
62 75 428
62 76 647
62 77 616
62 78 501
62 79 702
62 80 731
62 81 593
62 82 698
62 83 460
62 84 559
62 85 481
62 86 772
62 87 534
62 88 787
62 89 648
62 90 157
62 91 633
62 92 714
62 93 755
62 94 765
62 95 687
62 96 775
62 97 756
62 98 788
62 99 737
63 64 189
63 65 642
63 66 836
63 67 376
63 68 785
63 69 595
63 70 159
63 71 137
63 72 210
63 73 642
63 74 402
63 75 344
63 76 32
63 77 52
63 78 766
63 79 761
63 80 488
63 81 53
63 82 777
63 83 273
63 84 143
63 85 783
63 86 638
63 87 183
63 88 619
63 89 778
63 90 528
63 91 687
63 92 138
63 93 652
63 94 380
63 95 705
63 96 232
63 97 283
63 98 319
63 99 315
64 65 765
64 66 858
64 67 224
64 68 851
64 69 471
64 70 39
64 71 53
64 72 63
64 73 745
64 74 248
64 75 516
64 76 158
64 77 240
64 78 728
64 79 664
64 80 344
64 81 229
64 82 683
64 83 447
64 84 327
64 85 753
64 86 503
64 87 365
64 88 476
64 89 698
64 90 650
64 91 600
64 92 52
64 93 523
64 94 210
64 95 604
64 96 47
64 97 102
64 98 134
64 99 146
65 66 472
65 67 788
65 68 290
65 69 819
65 70 759
65 71 722
65 72 733
65 73 94
65 74 803
65 75 362
65 76 653
65 77 606
65 78 639
65 79 830
65 80 819
65 81 589
65 82 828
65 83 412
65 84 533
65 85 621
65 86 879
65 87 501
65 88 890
65 89 781
65 90 115
65 91 757
65 92 736
65 93 865
65 94 830
65 95 810
65 96 809
65 97 804
65 98 839
65 99 793
66 67 750
66 68 200
66 69 630
66 70 874
66 71 840
66 72 801
66 73 380
66 74 750
66 75 724
66 76 828
66 77 827
66 78 273
66 79 522
66 80 708
66 81 798
66 82 508
66 83 736
66 84 799
66 85 236
66 86 677
66 87 786
66 88 705
66 89 445
66 90 479
66 91 482
66 92 858
66 93 648
66 94 802
66 95 536
66 96 887
66 97 839
66 98 860
66 99 802
67 68 794
67 69 252
67 70 262
67 71 256
67 72 172
67 73 742
67 74 26
67 75 634
67 76 345
67 77 419
67 78 566
67 79 454
67 80 120
67 81 396
67 82 475
67 83 574
67 84 487
67 85 597
67 86 279
67 87 517
67 88 252
67 89 501
67 90 680
67 91 400
67 92 267
67 93 301
67 94 52
67 95 394
67 96 215
67 97 134
67 98 131
67 99 82
68 69 733
68 70 858
68 71 822
68 72 802
68 73 207
68 74 801
68 75 598
68 76 785
68 77 765
68 78 436
68 79 672
68 80 782
68 81 739
68 82 663
68 83 627
68 84 716
68 85 406
68 86 788
68 87 695
68 88 810
68 89 604
68 90 329
68 91 616
68 92 839
68 93 765
68 94 844
68 95 672
68 96 888
68 97 856
68 98 883
68 99 828
69 70 508
69 71 495
69 72 413
69 73 749
69 74 232
69 75 775
69 76 566
69 77 628
69 78 386
69 79 210
69 80 137
69 81 599
69 82 232
69 83 728
69 84 676
69 85 424
69 86 60
69 87 697
69 88 77
69 89 271
69 90 730
69 91 176
69 92 509
69 93 58
69 94 286
69 95 151
69 96 466
69 97 386
69 98 379
69 99 333
70 71 37
70 72 96
70 73 744
70 74 287
70 75 495
70 76 130
70 77 211
70 78 754
70 79 698
70 80 382
70 81 204
70 82 717
70 83 425
70 84 300
70 85 778
70 86 541
70 87 339
70 88 514
70 89 730
70 90 644
70 91 633
70 92 23
70 93 561
70 94 249
70 95 638
70 96 74
70 97 141
70 98 171
70 99 185
71 72 84
71 73 707
71 74 282
71 75 464
71 76 106
71 77 188
71 78 726
71 79 680
71 80 374
71 81 176
71 82 698
71 83 395
71 84 274
71 85 749
71 86 531
71 87 312
71 88 507
71 89 709
71 90 607
71 91 612
71 92 18
71 93 549
71 94 251
71 95 621
71 96 99
71 97 148
71 98 183
71 99 185
72 73 707
72 74 198
72 75 511
72 76 178
72 77 258
72 78 666
72 79 602
72 80 290
72 81 240
72 82 621
72 83 444
72 84 337
72 85 691
72 86 448
72 87 371
72 88 423
72 89 636
72 90 619
72 91 538
72 92 96
72 93 467
72 94 170
72 95 543
72 96 86
72 97 80
72 98 118
72 99 104
73 74 755
73 75 404
73 76 649
73 77 612
73 78 548
73 79 746
73 80 761
73 81 591
73 82 743
73 83 442
73 84 550
73 85 528
73 86 809
73 87 522
73 88 822
73 89 694
73 90 131
73 91 676
73 92 722
73 93 793
73 94 787
73 95 729
73 96 787
73 97 773
73 98 806
73 99 756
74 75 657
74 76 370
74 77 444
74 78 558
74 79 437
74 80 97
74 81 421
74 82 458
74 83 598
74 84 512
74 85 590
74 86 256
74 87 541
74 88 228
74 89 486
74 90 696
74 91 385
74 92 292
74 93 279
74 94 58
74 95 376
74 96 237
74 97 156
74 98 148
74 99 104
75 76 367
75 77 295
75 78 774
75 79 874
75 80 714
75 81 293
75 82 882
75 83 71
75 84 205
75 85 774
75 86 831
75 87 166
75 88 826
75 89 857
75 90 273
75 91 794
75 92 472
75 93 832
75 94 659
75 95 832
75 96 562
75 97 591
75 98 629
75 99 603
76 77 82
76 78 748
76 79 736
76 80 457
76 81 74
76 82 752
76 83 296
76 84 170
76 85 766
76 86 609
76 87 209
76 88 588
76 89 754
76 90 538
76 91 663
76 92 108
76 93 623
76 94 348
76 95 679
76 96 202
76 97 251
76 98 287
76 99 283
77 78 775
77 79 786
77 80 527
77 81 32
77 82 800
77 83 225
77 84 92
77 85 789
77 86 674
77 87 132
77 88 656
77 89 798
77 90 494
77 91 710
77 92 190
77 93 686
77 94 426
77 95 731
77 96 284
77 97 333
77 98 369
77 99 361
78 79 250
78 80 492
78 81 743
78 82 236
78 83 760
78 84 777
78 85 39
78 86 424
78 87 778
78 88 457
78 89 173
78 90 597
78 91 220
78 92 744
78 93 393
78 94 615
78 95 270
78 96 745
78 97 680
78 98 691
78 99 634
79 80 346
79 81 755
79 82 23
79 83 841
79 84 817
79 85 288
79 86 218
79 87 830
79 88 256
79 89 82
79 90 763
79 91 81
79 92 696
79 93 183
79 94 493
79 95 61
79 96 665
79 97 587
79 98 585
79 99 535
80 81 501
80 82 368
80 83 660
80 84 587
80 85 527
80 86 159
80 87 613
80 88 133
80 89 401
80 90 718
80 91 302
80 92 386
80 93 182
80 94 150
80 95 286
80 96 334
80 97 253
80 98 243
80 99 201
81 82 769
81 83 222
81 84 98
81 85 757
81 86 646
81 87 136
81 88 629
81 89 766
81 90 476
81 91 679
81 92 181
81 93 657
81 94 406
81 95 701
81 96 275
81 97 317
81 98 354
81 99 342
82 83 850
82 84 829
82 85 273
82 86 241
82 87 842
82 88 279
82 89 64
82 90 764
82 91 91
82 92 714
82 93 207
82 94 515
82 95 82
82 96 685
82 97 608
82 98 606
82 99 555
83 84 135
83 85 764
83 86 784
83 87 96
83 88 776
83 89 831
83 90 313
83 91 761
83 92 402
83 93 786
83 94 597
83 95 796
83 96 493
83 97 524
83 98 562
83 99 538
84 85 787
84 86 726
84 87 40
84 88 712
84 89 820
84 90 425
84 91 739
84 92 278
84 93 734
84 94 500
84 95 766
84 96 372
84 97 414
84 98 452
84 99 438
85 86 463
85 87 787
85 88 496
85 89 210
85 90 586
85 91 259
85 92 767
85 93 432
85 94 647
85 95 309
85 96 772
85 97 709
85 98 721
85 99 663
86 87 749
86 88 38
86 89 290
86 90 790
86 91 206
86 92 544
86 93 34
86 94 305
86 95 166
86 96 493
86 97 412
86 98 399
86 99 360
87 88 736
87 89 829
87 90 396
87 91 751
87 92 317
87 93 755
87 94 533
87 95 781
87 96 410
87 97 450
87 98 488
87 99 471
88 89 328
88 90 797
88 91 241
88 92 519
88 93 72
88 94 274
88 95 203
88 96 464
88 97 382
88 98 368
88 99 331
89 90 723
89 91 101
89 92 725
89 93 256
89 94 544
89 95 124
89 96 705
89 97 630
89 98 632
89 99 579
90 91 687
90 92 621
90 93 779
90 94 721
90 95 736
90 96 694
90 97 690
90 98 726
90 99 681
91 92 629
91 93 173
91 94 443
91 95 56
91 96 605
91 97 530
91 98 531
91 99 478
92 93 563
92 94 259
92 95 636
92 96 94
92 97 153
92 98 186
92 99 194
93 94 331
93 95 132
93 96 516
93 97 435
93 98 425
93 99 383
94 95 433
94 96 191
94 97 110
94 98 94
94 99 66
95 96 605
95 97 527
95 98 524
95 99 474
96 97 81
96 98 103
96 99 133
97 98 38
97 99 53
98 99 59
