100 4950
0 1 415
0 2 659
0 3 260
0 4 218
0 5 639
0 6 637
0 7 520
0 8 703
0 9 171
0 10 693
0 11 326
0 12 445
0 13 551
0 14 615
0 15 724
0 16 954
0 17 588
0 18 623
0 19 595
0 20 68
0 21 489
0 22 597
0 23 595
0 24 340
0 25 326
0 26 985
0 27 584
0 28 846
0 29 593
0 30 708
0 31 665
0 32 778
0 33 410
0 34 405
0 35 1013
0 36 374
0 37 371
0 38 514
0 39 435
0 40 250
0 41 875
0 42 309
0 43 602
0 44 549
0 45 802
0 46 425
0 47 677
0 48 618
0 49 899
0 50 937
0 51 514
0 52 720
0 53 668
0 54 947
0 55 336
0 56 207
0 57 889
0 58 702
0 59 131
0 60 529
0 61 524
0 62 705
0 63 1096
0 64 841
0 65 334
0 66 952
0 67 721
0 68 931
0 69 163
0 70 550
0 71 926
0 72 286
0 73 712
0 74 524
0 75 719
0 76 532
0 77 556
0 78 639
0 79 453
0 80 831
0 81 971
0 82 225
0 83 759
0 84 439
0 85 621
0 86 778
0 87 236
0 88 678
0 89 492
0 90 655
0 91 352
0 92 394
0 93 315
0 94 617
0 95 334
0 96 979
0 97 859
0 98 93
0 99 887
1 2 647
1 3 632
1 4 243
1 5 288
1 6 250
1 7 494
1 8 370
1 9 577
1 10 712
1 11 94
1 12 692
1 13 222
1 14 687
1 15 735
1 16 794
1 17 345
1 18 681
1 19 685
1 20 465
1 21 81
1 22 195
1 23 182
1 24 387
1 25 96
1 26 713
1 27 537
1 28 516
1 29 192
1 30 827
1 31 541
1 32 792
1 33 197
1 34 60
1 35 723
1 36 608
1 37 418
1 38 682
1 39 26
1 40 289
1 41 742
1 42 124
1 43 777
1 44 255
1 45 437
1 46 554
1 47 264
1 48 783
1 49 944
1 50 563
1 51 514
1 52 418
1 53 267
1 54 752
1 55 602
1 56 230
1 57 909
1 58 416
1 59 341
1 60 581
1 61 590
1 62 292
1 63 751
1 64 857
1 65 168
1 66 942
1 67 324
1 68 575
1 69 500
1 70 383
1 71 649
1 72 149
1 73 571
1 74 115
1 75 837
1 76 337
1 77 154
1 78 371
1 79 45
1 80 456
1 81 684
1 82 604
1 83 447
1 84 109
1 85 746
1 86 595
1 87 533
1 88 274
1 89 286
1 90 639
1 91 720
1 92 173
1 93 587
1 94 241
1 95 157
1 96 701
1 97 660
1 98 325
1 99 949
2 3 610
2 4 719
2 5 545
2 6 856
2 7 158
2 8 523
2 9 674
2 10 73
2 11 655
2 12 405
2 13 866
2 14 133
2 15 88
2 16 358
2 17 379
2 18 110
2 19 160
2 20 632
2 21 639
2 22 793
2 23 750
2 24 328
2 25 594
2 26 537
2 27 111
2 28 568
2 29 646
2 30 256
2 31 180
2 32 146
2 33 820
2 34 587
2 35 589
2 36 388
2 37 293
2 38 281
2 39 638
2 40 449
2 41 268
2 42 568
2 43 310
2 44 902
2 45 629
2 46 261
2 47 735
2 48 299
2 49 298
2 50 726
2 51 150
2 52 471
2 53 670
2 54 396
2 55 436
2 56 551
2 57 262
2 58 440
2 59 539
2 60 140
2 61 152
2 62 816
2 63 760
2 64 210
2 65 753
2 66 305
2 67 678
2 68 673
2 69 549
2 70 290
2 71 510
2 72 561
2 73 204
2 74 648
2 75 260
2 76 338
2 77 764
2 78 408
2 79 682
2 80 667
2 81 557
2 82 618
2 83 499
2 84 754
2 85 225
2 86 285
2 87 491
2 88 685
2 89 377
2 90 8
2 91 629
2 92 475
2 93 446
2 94 592
2 95 507
2 96 546
2 97 347
2 98 653
2 99 307
3 4 474
3 5 793
3 6 873
3 7 518
3 8 839
3 9 115
3 10 617
3 11 556
3 12 258
3 13 799
3 14 519
3 15 648
3 16 955
3 17 693
3 18 535
3 19 491
3 20 192
3 21 694
3 22 825
3 23 814
3 24 378
3 25 536
3 26 1055
3 27 576
3 28 966
3 29 785
3 30 562
3 31 685
3 32 691
3 33 665
3 34 604
3 35 1094
3 36 228
3 37 389
3 38 373
3 39 647
3 40 375
3 41 867
3 42 510
3 43 436
3 44 802
3 45 951
3 46 350
3 47 879
3 48 454
3 49 778
3 50 1085
3 51 497
3 52 835
3 53 855
3 54 971
3 55 177
3 56 402
3 57 784
3 58 811
3 59 291
3 60 471
3 61 458
3 62 923
3 63 1213
3 64 745
3 65 585
3 66 860
3 67 900
3 68 1064
3 69 133
3 70 623
3 71 1005
3 72 485
3 73 733
3 74 727
3 75 572
3 76 626
3 77 783
3 78 747
3 79 675
3 80 985
3 81 1053
3 82 36
3 83 876
3 84 679
3 85 486
3 86 814
3 87 134
3 88 867
3 89 603
3 90 609
3 91 93
3 92 551
3 93 165
3 94 790
3 95 508
3 96 1055
3 97 895
3 98 344
3 99 757
4 5 517
4 6 430
4 7 563
4 8 595
4 9 388
4 10 771
4 11 150
4 12 617
4 13 336
4 14 714
4 15 799
4 16 950
4 17 524
4 18 716
4 19 702
4 20 283
4 21 324
4 22 398
4 23 406
4 24 397
4 25 187
4 26 920
4 27 622
4 28 743
4 29 435
4 30 833
4 31 669
4 32 857
4 33 193
4 34 261
4 35 937
4 36 536
4 37 434
4 38 653
4 39 268
4 40 271
4 41 883
4 42 191
4 43 749
4 44 331
4 45 674
4 46 539
4 47 502
4 48 761
4 49 996
4 50 804
4 51 570
4 52 631
4 53 510
4 54 925
4 55 511
4 56 168
4 57 973
4 58 622
4 59 224
4 60 613
4 61 615
4 62 514
4 63 985
4 64 923
4 65 118
4 66 1024
4 67 567
4 68 811
4 69 358
4 70 523
4 71 857
4 72 182
4 73 710
4 74 358
4 75 844
4 76 488
4 77 359
4 78 565
4 79 270
4 80 696
4 81 897
4 82 440
4 83 665
4 84 232
4 85 746
4 86 757
4 87 418
4 88 516
4 89 437
4 90 713
4 91 566
4 92 310
4 93 491
4 94 479
4 95 249
4 96 910
4 97 832
4 98 130
4 99 992
5 6 362
5 7 433
5 8 84
5 9 773
5 10 618
5 11 370
5 12 758
5 13 428
5 14 637
5 15 630
5 16 565
5 17 167
5 18 621
5 19 647
5 20 669
5 21 216
5 22 306
5 23 256
5 24 440
5 25 332
5 26 434
5 27 442
5 28 229
5 29 137
5 30 783
5 31 383
5 32 680
5 33 473
5 34 257
5 35 438
5 36 685
5 37 450
5 38 697
5 39 263
5 40 420
5 41 537
5 42 338
5 43 779
5 44 476
5 45 164
5 46 579
5 47 198
5 48 778
5 49 832
5 50 299
5 51 464
5 52 144
5 53 128
5 54 506
5 55 700
5 56 432
5 57 784
5 58 156
5 59 526
5 60 545
5 61 561
5 62 284
5 63 468
5 64 736
5 65 456
5 66 794
5 67 134
5 68 296
5 69 664
5 70 260
5 71 370
5 72 358
5 73 391
5 74 194
5 75 790
5 76 220
5 77 297
5 78 145
5 79 285
5 80 194
5 81 400
5 82 774
5 83 165
5 84 373
5 85 720
5 86 378
5 87 668
5 88 143
5 89 208
5 90 537
5 91 867
5 92 248
5 93 692
5 94 63
5 95 305
5 96 419
5 97 421
5 98 563
5 99 848
6 7 713
6 8 436
6 9 806
6 10 926
6 11 317
6 12 941
6 13 122
6 14 915
6 15 944
6 16 927
6 17 499
6 18 906
6 19 917
6 20 695
6 21 221
6 22 63
6 23 109
6 24 631
6 25 344
6 26 776
6 27 745
6 28 550
6 29 227
6 30 1059
6 31 719
6 32 1000
6 33 262
6 34 297
6 35 767
6 36 858
6 37 659
6 38 925
6 39 243
6 40 539
6 41 894
6 42 373
6 43 1019
6 44 165
6 45 437
6 46 797
6 47 186
6 48 1024
6 49 1153
6 50 522
6 51 737
6 52 503
6 53 251
6 54 867
6 55 852
6 56 474
6 57 1112
6 58 517
6 59 584
6 60 811
6 61 822
6 62 128
6 63 730
6 64 1061
6 65 314
6 66 1133
6 67 293
6 68 563
6 69 743
6 70 570
6 71 715
6 72 397
6 73 738
6 74 208
6 75 1068
6 76 521
6 77 98
6 78 499
6 79 205
6 80 435
6 81 735
6 82 843
6 83 516
6 84 199
6 85 982
6 86 736
6 87 781
6 88 243
6 89 479
6 90 848
6 91 963
6 92 401
6 93 837
6 94 299
6 95 403
6 96 758
6 97 783
6 98 544
6 99 1163
7 8 432
7 9 562
7 10 219
7 11 498
7 12 371
7 13 715
7 14 206
7 15 243
7 16 443
7 17 271
7 18 194
7 19 214
7 20 502
7 21 493
7 22 650
7 23 610
7 24 181
7 25 437
7 26 548
7 27 64
7 28 513
7 29 514
7 30 353
7 31 168
7 32 301
7 33 663
7 34 434
7 35 592
7 36 323
7 37 149
7 38 278
7 39 487
7 40 296
7 41 359
7 42 411
7 43 349
7 44 749
7 45 546
7 46 188
7 47 609
7 48 347
7 49 450
7 50 662
7 51 33
7 52 395
7 53 549
7 54 453
7 55 361
7 56 396
7 57 418
7 58 364
7 59 394
7 60 113
7 61 130
7 62 686
7 63 738
7 64 367
7 65 595
7 66 462
7 67 567
7 68 619
7 69 432
7 70 175
7 71 505
7 72 403
7 73 216
7 74 506
7 75 361
7 76 214
7 77 618
7 78 315
7 79 531
7 80 585
7 81 554
7 82 518
7 83 430
7 84 600
7 85 287
7 86 298
7 87 388
7 88 565
7 89 239
7 90 151
7 91 558
7 92 322
7 93 364
7 94 470
7 95 351
7 96 551
7 97 378
7 98 504
7 99 455
8 9 829
8 10 595
8 11 450
8 12 779
8 13 509
8 14 627
8 15 603
8 16 497
8 17 162
8 18 610
8 19 641
8 20 728
8 21 300
8 22 383
8 23 333
8 24 472
8 25 408
8 26 350
8 27 428
8 28 148
8 29 217
8 30 771
8 31 350
8 32 650
8 33 557
8 34 335
8 35 354
8 36 711
8 37 476
8 38 706
8 39 346
8 40 472
8 41 477
8 42 411
8 43 781
8 44 557
8 45 117
8 46 596
8 47 260
8 48 778
8 49 798
8 50 247
8 51 464
8 52 69
8 53 189
8 54 433
8 55 732
8 56 497
8 57 747
8 58 92
8 59 584
8 60 544
8 61 561
8 62 344
8 63 395
8 64 701
8 65 538
8 66 749
8 67 170
8 68 229
8 69 714
8 70 258
8 71 287
8 72 428
8 73 349
8 74 278
8 75 777
8 76 229
8 77 378
8 78 118
8 79 369
8 80 155
8 81 316
8 82 823
8 83 82
8 84 457
8 85 715
8 86 319
8 87 710
8 88 201
8 89 237
8 90 516
8 91 908
8 92 309
8 93 726
8 94 144
8 95 370
8 96 335
8 97 352
8 98 632
8 99 817
9 10 692
9 11 492
9 12 362
9 13 722
9 14 598
9 15 723
9 16 1004
9 17 695
9 18 612
9 19 573
9 20 112
9 21 647
9 22 764
9 23 759
9 24 398
9 25 484
9 26 1077
9 27 624
9 28 964
9 29 746
9 30 659
9 31 724
9 32 770
9 33 581
9 34 559
9 35 1111
9 36 315
9 37 418
9 38 464
9 39 595
9 40 357
9 41 919
9 42 462
9 43 537
9 44 720
9 45 936
9 46 416
9 47 835
9 48 555
9 49 869
9 50 1071
9 51 546
9 52 835
9 53 819
9 54 1012
9 55 265
9 56 354
9 57 870
9 58 813
9 59 248
9 60 535
9 61 525
9 62 869
9 63 1215
9 64 828
9 65 505
9 66 943
9 67 868
9 68 1057
9 69 129
9 70 638
9 71 1023
9 72 437
9 73 772
9 74 681
9 75 670
9 76 632
9 77 722
9 78 749
9 79 617
9 80 967
9 81 1070
9 82 82
9 83 875
9 84 608
9 85 578
9 86 848
9 87 184
9 88 829
9 89 601
9 90 672
9 91 197
9 92 526
9 93 248
9 94 761
9 95 474
9 96 1074
9 97 930
9 98 263
9 99 851
10 11 715
10 12 392
10 13 933
10 14 103
10 15 32
10 16 385
10 17 452
10 18 83
10 19 133
10 20 660
10 21 708
10 22 862
10 23 821
10 24 374
10 25 655
10 26 589
10 27 181
10 28 635
10 29 717
10 30 193
10 31 249
10 32 86
10 33 881
10 34 652
10 35 643
10 36 390
10 37 338
10 38 263
10 39 705
10 40 499
10 41 298
10 42 628
10 43 269
10 44 967
10 45 700
10 46 276
10 47 807
10 48 255
10 49 232
10 50 795
10 51 203
10 52 542
10 53 743
10 54 435
10 55 440
10 56 603
10 57 203
10 58 511
10 59 580
10 60 165
10 61 170
10 62 888
10 63 820
10 64 152
10 65 811
10 66 259
10 67 751
10 68 739
10 69 571
10 70 362
10 71 568
10 72 619
10 73 268
10 74 718
10 75 195
10 76 410
10 77 833
10 78 480
10 79 748
10 80 738
10 81 613
10 82 630
10 83 569
10 84 819
10 85 182
10 86 344
10 87 508
10 88 758
10 89 447
10 90 81
10 91 626
10 92 540
10 93 453
10 94 664
10 95 569
10 96 600
10 97 398
10 98 696
10 99 238
11 12 643
11 13 254
11 14 677
11 15 740
11 16 841
11 17 398
11 18 674
11 19 671
11 20 380
11 21 175
11 22 272
11 23 269
11 24 362
11 25 62
11 26 785
11 27 548
11 28 598
11 29 285
11 30 810
11 31 572
11 32 799
11 33 166
11 34 115
11 35 798
11 36 559
11 37 396
11 38 650
11 39 118
11 40 246
11 41 782
11 42 87
11 43 747
11 44 272
11 45 525
11 46 525
11 47 357
11 48 755
11 49 946
11 50 654
11 51 512
11 52 491
11 53 361
11 54 806
11 55 546
11 56 162
11 57 916
11 58 485
11 59 269
11 60 571
11 61 577
11 62 379
11 63 837
11 64 864
11 65 103
11 66 957
11 67 417
11 68 663
11 69 426
11 70 417
11 71 721
11 72 100
11 73 608
11 74 209
11 75 821
11 76 375
11 77 230
11 78 433
11 79 128
11 80 547
11 81 758
11 82 526
11 83 524
11 84 128
11 85 726
11 86 643
11 87 469
11 88 368
11 89 322
11 90 648
11 91 646
11 92 194
11 93 530
11 94 329
11 95 148
11 96 773
11 97 713
11 98 235
11 99 947
12 13 897
12 14 289
12 15 421
12 16 763
12 17 617
12 18 310
12 19 259
12 20 385
12 21 731
12 22 884
12 23 858
12 24 323
12 25 601
12 26 915
12 27 412
12 28 879
12 29 795
12 30 305
12 31 530
12 32 454
12 33 789
12 34 645
12 35 961
12 36 84
12 37 307
12 38 129
12 39 698
12 40 403
12 41 674
12 42 570
12 43 178
12 44 913
12 45 896
12 46 186
12 47 895
12 48 196
12 49 524
12 50 1021
12 51 341
12 52 755
12 53 851
12 54 797
12 55 109
12 56 483
12 57 536
12 58 725
12 59 394
12 60 281
12 61 264
12 62 957
12 63 1109
12 64 501
12 65 707
12 66 615
12 67 884
12 68 984
12 69 283
12 70 527
12 71 875
12 72 548
12 73 574
12 74 756
12 75 316
12 76 550
12 77 844
12 78 668
12 79 736
12 80 934
12 81 924
12 82 283
12 83 792
12 84 771
12 85 235
12 86 660
12 87 209
12 88 865
12 89 549
12 90 407
12 91 240
12 92 555
12 93 130
12 94 775
12 95 538
12 96 919
12 97 735
12 98 497
12 99 501
13 14 909
13 15 954
13 16 982
13 17 538
13 18 903
13 19 907
13 20 614
13 21 235
13 22 137
13 23 181
13 24 606
13 25 299
13 26 858
13 27 756
13 28 637
13 29 291
13 30 1049
13 31 749
13 32 1012
13 33 151
13 34 281
13 35 854
13 36 813
13 37 637
13 38 898
13 39 228
13 40 497
13 41 940
13 42 330
13 43 995
13 44 50
13 45 531
13 46 771
13 47 286
13 48 1002
13 49 1164
13 50 629
13 51 735
13 52 571
13 53 339
13 54 930
13 55 801
13 56 416
13 57 1127
13 58 580
13 59 519
13 60 803
13 61 811
13 62 245
13 63 836
13 64 1076
13 65 218
13 66 1157
13 67 389
13 68 664
13 69 674
13 70 593
13 71 795
13 72 350
13 73 775
13 74 241
13 75 1058
13 76 544
13 77 131
13 78 549
13 79 185
13 80 535
13 81 820
13 82 767
13 83 590
13 84 127
13 85 967
13 86 786
13 87 721
13 88 334
13 89 497
13 90 859
13 91 891
13 92 394
13 93 784
13 94 365
13 95 376
13 96 841
13 97 841
13 98 460
13 99 1170
14 15 132
14 16 483
14 17 472
14 18 23
14 19 30
14 20 576
14 21 695
14 22 853
14 23 814
14 24 319
14 25 619
14 26 669
14 27 200
14 28 688
14 29 720
14 30 147
14 31 302
14 32 172
14 33 842
14 34 629
14 35 721
14 36 290
14 37 283
14 38 160
14 39 683
14 40 445
14 41 394
14 42 590
14 43 177
14 44 939
14 45 738
14 46 190
14 47 815
14 48 166
14 49 285
14 50 844
14 51 179
14 52 582
14 53 755
14 54 527
14 55 342
14 56 549
14 57 275
14 58 550
14 59 510
14 60 107
14 61 101
14 62 892
14 63 890
14 64 230
14 65 768
14 66 345
14 67 771
14 68 794
14 69 482
14 70 376
14 71 641
14 72 578
14 73 333
14 74 709
14 75 155
14 76 418
14 77 819
14 78 510
14 79 727
14 80 777
14 81 688
14 82 533
14 83 613
14 84 789
14 85 94
14 86 416
14 87 415
14 88 770
14 89 445
14 90 137
14 91 523
14 92 518
14 93 355
14 94 675
14 95 536
14 96 678
14 97 479
14 98 628
14 99 277
15 16 364
15 17 464
15 18 113
15 19 162
15 20 692
15 21 728
15 22 881
15 23 838
15 24 403
15 25 679
15 26 578
15 27 200
15 28 636
15 29 733
15 30 203
15 31 254
15 32 58
15 33 906
15 34 675
15 35 633
15 36 421
15 37 367
15 38 291
15 39 726
15 40 528
15 41 279
15 42 653
15 43 291
15 44 989
15 45 705
15 46 308
15 47 821
15 48 276
15 49 210
15 50 796
15 51 230
15 52 548
15 53 756
15 54 418
15 55 471
15 56 631
15 57 176
15 58 517
15 59 610
15 60 196
15 61 201
15 62 903
15 63 812
15 64 125
15 65 837
15 66 228
15 67 762
15 68 739
15 69 603
15 70 377
15 71 561
15 72 645
15 73 268
15 74 736
15 75 204
15 76 426
15 77 852
15 78 490
15 79 770
15 80 743
15 81 604
15 82 661
15 83 572
15 84 842
15 85 204
15 86 339
15 87 539
15 88 770
15 89 465
15 90 96
15 91 656
15 92 562
15 93 484
15 94 678
15 95 593
15 96 590
15 97 387
15 98 726
15 99 220
16 17 450
16 18 460
16 19 512
16 20 942
16 21 750
16 22 870
16 23 820
16 24 616
16 25 781
16 26 272
16 27 381
16 28 439
16 29 701
16 30 563
16 31 289
16 32 365
16 33 990
16 34 739
16 35 327
16 36 741
16 37 590
16 38 638
16 39 776
16 40 711
16 41 89
16 42 766
16 43 654
16 44 1028
16 45 549
16 46 607
16 47 757
16 48 639
16 49 449
16 50 582
16 51 460
16 52 428
16 53 686
16 54 85
16 55 787
16 56 795
16 57 390
16 58 410
16 59 823
16 60 489
16 61 505
16 62 841
16 63 519
16 64 371
16 65 943
16 66 343
16 67 664
16 68 513
16 69 875
16 70 428
16 71 289
16 72 770
16 73 243
16 74 741
16 75 561
16 76 466
16 77 856
16 78 433
16 79 813
16 80 577
16 81 315
16 82 958
16 83 426
16 84 900
16 85 567
16 86 199
16 87 828
16 88 698
16 89 518
16 90 356
16 91 983
16 92 648
16 93 794
16 94 628
16 95 704
16 96 291
16 97 145
16 98 923
16 99 483
17 18 456
17 19 484
17 20 602
17 21 303
17 22 437
17 23 390
17 24 318
17 25 343
17 26 400
17 27 275
17 28 273
17 29 276
17 30 617
17 31 222
17 32 516
17 33 541
17 34 291
17 35 425
17 36 552
17 37 318
17 38 544
17 39 326
17 40 342
17 41 403
17 42 333
17 43 620
17 44 581
17 45 279
17 46 433
17 47 358
17 48 618
17 49 668
17 50 404
17 51 304
17 52 143
17 53 292
17 54 409
17 55 575
17 56 393
17 57 622
17 58 118
17 59 461
17 60 384
17 61 401
17 62 441
17 63 521
17 64 573
17 65 499
17 66 637
17 67 300
17 68 373
17 69 574
17 70 97
17 71 340
17 72 343
17 73 240
17 74 299
17 75 624
17 76 69
17 77 417
17 78 54
17 79 364
17 80 318
17 81 384
17 82 680
17 83 183
17 84 451
17 85 557
17 86 251
17 87 561
17 88 306
17 89 96
17 90 371
17 91 757
17 92 214
17 93 570
17 94 215
17 95 277
17 96 393
17 97 316
17 98 530
17 99 683
18 19 52
18 20 586
18 21 686
18 22 843
18 23 804
18 24 319
18 25 615
18 26 646
18 27 182
18 28 667
18 29 708
18 30 162
18 31 280
18 32 158
18 33 839
18 34 622
18 35 698
18 36 307
18 37 283
18 38 181
18 39 676
18 40 445
18 41 371
18 42 587
18 43 200
18 44 934
18 45 720
18 46 200
18 47 802
18 48 189
18 49 281
18 50 824
18 51 169
18 52 563
18 53 741
18 54 504
18 55 358
18 56 549
18 57 265
18 58 531
18 59 515
18 60 104
18 61 102
18 62 880
18 63 867
18 64 219
18 65 766
18 66 332
18 67 755
18 68 773
18 69 494
18 70 361
18 71 619
18 72 575
18 73 311
18 74 699
18 75 169
18 76 404
18 77 811
18 78 492
18 79 720
18 80 759
18 81 665
18 82 548
18 83 594
18 84 784
18 85 116
18 86 394
18 87 429
18 88 756
18 89 433
18 90 114
18 91 543
18 92 510
18 93 371
18 94 661
18 95 531
18 96 655
18 97 456
18 98 633
18 99 276
19 20 554
19 21 696
19 22 854
19 23 817
19 24 310
19 25 614
19 26 695
19 27 216
19 28 707
19 29 726
19 30 142
19 31 323
19 32 200
19 33 835
19 34 628
19 35 746
19 36 263
19 37 275
19 38 130
19 39 682
19 40 435
19 41 424
19 42 585
19 43 152
19 44 936
19 45 754
19 46 170
19 47 822
19 48 143
19 49 304
19 50 862
19 51 184
19 52 598
19 53 764
19 54 555
19 55 314
19 56 538
19 57 298
19 58 567
19 59 494
19 60 106
19 61 95
19 62 898
19 63 913
19 64 255
19 65 760
19 66 370
19 67 781
19 68 813
19 69 459
19 70 387
19 71 666
19 72 571
19 73 357
19 74 712
19 75 152
19 76 428
19 77 820
19 78 524
19 79 726
19 80 793
19 81 713
19 82 506
19 83 630
19 84 786
19 85 74
19 86 441
19 87 391
19 88 779
19 89 452
19 90 164
19 91 494
19 92 517
19 93 329
19 94 684
19 95 532
19 96 703
19 97 506
19 98 612
19 99 293
20 21 535
20 22 652
20 23 647
20 24 326
20 25 372
20 26 993
20 27 566
20 28 867
20 29 636
20 30 659
20 31 656
20 32 743
20 33 476
20 34 448
20 35 1024
20 36 319
20 37 353
20 38 463
20 39 483
20 40 260
20 41 860
20 42 351
20 43 548
20 44 614
20 45 832
20 46 386
20 47 724
20 48 564
20 49 857
20 50 967
20 51 492
20 52 739
20 53 709
20 54 942
20 55 277
20 56 243
20 57 851
20 58 719
20 59 143
20 60 497
20 61 490
20 62 757
20 63 1118
20 64 805
20 65 397
20 66 918
20 67 759
20 68 956
20 69 103
20 70 554
20 71 936
20 72 327
20 73 704
20 74 569
20 75 670
20 76 542
20 77 610
20 78 655
20 79 505
20 80 863
20 81 982
20 82 157
20 83 778
20 84 498
20 85 574
20 86 774
20 87 177
20 88 719
20 89 506
20 90 628
20 91 284
20 92 421
20 93 257
20 94 653
20 95 366
20 96 988
20 97 856
20 98 154
20 99 843
21 22 159
21 23 127
21 24 415
21 25 163
21 26 648
21 27 528
21 28 443
21 29 111
21 30 838
21 31 514
21 32 784
21 33 257
21 34 90
21 35 654
21 36 649
21 37 441
21 38 707
21 39 57
21 40 335
21 41 705
21 42 185
21 43 801
21 44 278
21 45 358
21 46 580
21 47 188
21 48 805
21 49 937
21 50 483
21 51 517
21 52 354
21 53 186
21 54 702
21 55 648
21 56 294
21 57 898
21 58 357
21 59 405
21 60 590
21 61 601
21 62 230
21 63 673
21 64 847
21 65 245
21 66 925
21 67 243
21 68 497
21 69 562
21 70 359
21 71 584
21 72 210
21 73 539
21 74 35
21 75 848
21 76 310
21 77 125
21 78 319
21 79 69
21 80 376
21 81 616
21 82 668
21 83 380
21 84 158
21 85 762
21 86 552
21 87 588
21 88 193
21 89 264
21 90 631
21 91 780
21 92 182
21 93 635
21 94 164
21 95 194
21 96 634
21 97 611
21 98 401
21 99 945
22 23 50
22 24 571
22 25 291
22 26 728
22 27 682
22 28 505
22 29 169
22 30 997
22 31 657
22 32 937
22 33 250
22 34 238
22 35 722
22 36 801
22 37 598
22 38 865
22 39 186
22 40 483
22 41 835
22 42 320
22 43 959
22 44 186
22 45 396
22 46 737
22 47 150
22 48 963
22 49 1090
22 50 493
22 51 674
22 52 449
22 53 204
22 54 812
22 55 797
22 56 424
22 57 1049
22 58 461
22 59 535
22 60 748
22 61 760
22 62 121
22 63 699
22 64 998
22 65 287
22 66 1071
22 67 253
22 68 528
22 69 694
22 70 507
22 71 666
22 72 344
22 73 677
22 74 145
22 75 1006
22 76 458
22 77 42
22 78 439
22 79 151
22 80 398
22 81 689
22 82 796
22 83 464
22 84 168
22 85 920
22 86 677
22 87 729
22 88 199
22 89 416
22 90 785
22 91 914
22 92 340
22 93 782
22 94 242
22 95 345
22 96 711
22 97 726
22 98 505
22 99 1100
23 24 542
23 25 278
23 26 679
23 27 639
23 28 457
23 29 119
23 30 959
23 31 611
23 32 894
23 33 277
23 34 215
23 35 674
23 36 776
23 37 567
23 38 833
23 39 167
23 40 461
23 41 786
23 42 304
23 43 926
23 44 231
23 45 350
23 46 706
23 47 110
23 48 930
23 49 1047
23 50 452
23 51 636
23 52 399
23 53 157
23 54 762
23 55 775
23 56 412
23 57 1005
23 58 411
23 59 523
23 60 711
23 61 723
23 62 111
23 63 656
23 64 955
23 65 302
23 66 1025
23 67 209
23 68 484
23 69 681
23 70 463
23 71 617
23 72 329
23 73 630
23 74 106
23 75 968
23 76 414
23 77 57
23 78 391
23 79 141
23 80 354
23 81 640
23 82 786
23 83 414
23 84 184
23 85 884
23 86 628
23 87 712
23 88 153
23 89 374
23 90 742
23 91 901
23 92 308
23 93 761
23 94 193
23 95 321
23 96 662
23 97 676
23 98 504
23 99 1058
24 25 308
24 26 680
24 27 245
24 28 590
24 29 473
24 30 448
24 31 329
24 32 460
24 33 525
24 34 335
24 35 717
24 36 246
24 37 37
24 38 294
24 39 389
24 40 126
24 41 535
24 42 277
24 43 390
24 44 631
24 45 588
24 46 167
24 47 572
24 48 396
24 49 599
24 50 719
24 51 178
24 52 461
24 53 529
24 54 616
24 55 261
24 56 230
24 57 577
24 58 435
24 59 214
24 60 216
24 61 219
24 62 636
24 63 836
24 64 526
24 65 449
24 66 631
24 67 563
24 68 691
24 69 270
24 70 245
24 71 629
24 72 262
24 73 378
24 74 438
24 75 459
24 76 250
24 77 533
24 78 372
24 79 431
24 80 624
24 81 677
24 82 370
24 83 501
24 84 481
24 85 364
24 86 450
24 87 245
24 88 543
24 89 235
24 90 322
24 91 439
24 92 234
24 93 254
24 94 453
24 95 231
24 96 679
24 97 533
24 98 326
24 99 595
25 26 734
25 27 487
25 28 556
25 29 268
25 30 754
25 31 510
25 32 738
25 33 227
25 34 80
25 35 750
25 36 517
25 37 341
25 38 599
25 39 112
25 40 198
25 41 721
25 42 31
25 43 695
25 44 323
25 45 492
25 46 472
25 47 352
25 48 703
25 49 886
25 50 625
25 51 452
25 52 444
25 53 343
25 54 749
25 55 509
25 56 134
25 57 855
25 58 435
25 59 245
25 60 513
25 61 519
25 62 387
25 63 801
25 64 804
25 65 164
25 66 895
25 67 397
25 68 628
25 69 404
25 70 356
25 71 671
25 72 53
25 73 547
25 74 198
25 75 765
25 76 315
25 77 250
25 78 380
25 79 140
25 80 517
25 81 710
25 82 509
25 83 478
25 84 174
25 85 671
25 86 584
25 87 438
25 88 352
25 89 263
25 90 586
25 91 624
25 92 134
25 93 493
25 94 299
25 95 86
25 96 724
25 97 656
25 98 240
25 99 888
26 27 502
26 28 229
26 29 567
26 30 781
26 31 384
26 32 598
26 33 905
26 34 671
26 35 56
26 36 871
26 37 666
26 38 805
26 39 690
26 40 735
26 41 320
26 42 729
26 43 846
26 44 907
26 45 347
26 46 735
26 47 591
26 48 835
26 49 708
26 50 335
26 51 576
26 52 296
26 53 525
26 54 188
26 55 908
26 56 793
26 57 649
26 58 299
26 59 855
26 60 635
26 61 653
26 62 668
26 63 248
26 64 621
26 65 880
26 66 611
26 67 486
26 68 265
26 69 950
26 70 439
26 71 64
26 72 741
26 73 342
26 74 628
26 75 783
26 76 453
26 77 727
26 78 356
26 79 717
26 80 363
26 81 49
26 82 1049
26 83 269
26 84 806
26 85 762
26 86 256
26 87 921
26 88 533
26 89 495
26 90 532
26 91 1103
26 92 613
26 93 909
26 94 494
26 95 676
26 96 22
26 97 192
26 98 930
26 99 739
27 28 492
27 29 536
27 30 343
27 31 118
27 32 257
27 33 713
27 34 477
27 35 550
27 36 373
27 37 214
27 38 306
27 39 527
27 40 357
27 41 296
27 42 462
27 43 363
27 44 791
27 45 539
27 46 236
27 47 627
27 48 357
27 49 409
27 50 646
27 51 80
27 52 383
27 53 564
27 54 396
27 55 414
27 56 455
27 57 372
27 58 351
27 59 458
27 60 134
27 61 153
27 62 707
27 63 705
27 64 321
27 65 648
27 66 409
27 67 576
27 68 598
27 69 495
27 70 183
27 71 465
27 72 457
27 73 163
27 74 537
27 75 349
27 76 229
27 77 652
27 78 311
27 79 571
27 80 577
27 81 513
27 82 578
27 83 414
27 84 645
27 85 290
27 86 248
27 87 448
27 88 579
27 89 266
27 90 103
27 91 611
27 92 365
27 93 419
27 94 485
27 95 401
27 96 507
27 97 325
27 98 567
27 99 418
28 29 350
28 30 823
28 31 388
28 32 673
28 33 699
28 34 483
28 35 217
28 36 818
28 37 588
28 38 791
28 39 492
28 40 608
28 41 447
28 42 559
28 43 855
28 44 687
28 45 119
28 46 693
28 47 364
28 48 849
28 49 811
28 50 160
28 51 546
28 52 130
28 53 300
28 54 361
28 55 845
28 56 642
28 57 755
28 58 156
28 59 724
28 60 621
28 61 639
28 62 439
28 63 251
28 64 715
28 65 685
28 66 740
28 67 258
28 68 107
28 69 845
28 70 353
28 71 171
28 72 575
28 73 368
28 74 418
28 75 828
28 76 341
28 77 507
28 78 218
28 79 512
28 80 140
28 81 186
28 82 953
28 83 90
28 84 598
28 85 781
28 86 307
28 87 834
28 88 307
28 89 364
28 90 561
28 91 1029
28 92 453
28 93 841
28 94 281
28 95 516
28 96 209
28 97 302
28 98 777
28 99 835
29 30 866
29 31 498
29 32 787
29 33 354
29 34 189
29 35 565
29 36 716
29 37 492
29 38 755
29 39 167
29 40 415
29 41 668
29 42 285
29 43 844
29 44 340
29 45 254
29 46 630
29 47 100
29 48 846
29 49 940
29 50 374
29 51 542
29 52 281
29 53 76
29 54 644
29 55 722
29 56 392
29 57 896
29 58 293
29 59 500
29 60 620
29 61 633
29 62 172
29 63 568
29 64 846
29 65 352
29 66 913
29 67 132
29 68 393
29 69 653
29 70 355
29 71 503
29 72 309
29 73 514
29 74 78
29 75 875
29 76 307
29 77 160
29 78 272
29 79 173
29 80 268
29 81 530
29 82 762
29 83 299
29 84 252
29 85 796
29 86 510
29 87 671
29 88 84
29 89 275
29 90 637
29 91 868
29 92 243
29 93 710
29 94 74
29 95 277
29 96 551
29 97 557
29 98 508
29 99 952
30 31 435
30 32 200
30 33 974
30 34 770
30 35 835
30 36 344
30 37 414
30 38 196
30 39 825
30 40 571
30 41 480
30 42 725
30 43 131
30 44 1077
30 45 880
30 46 294
30 47 961
30 48 111
30 49 222
30 50 981
30 51 325
30 52 723
30 53 902
30 54 621
30 55 393
30 56 672
30 57 243
30 58 691
30 59 618
30 60 248
30 61 238
30 62 1038
30 63 1012
30 64 221
30 65 897
30 66 327
30 67 917
30 68 928
30 69 558
30 70 522
30 71 761
30 72 710
30 73 459
30 74 854
30 75 11
30 76 565
30 77 963
30 78 653
30 79 868
30 80 919
30 81 806
30 82 584
30 83 752
30 84 927
30 85 88
30 86 537
30 87 485
30 88 917
30 89 592
30 90 263
30 91 542
30 92 659
30 93 412
30 94 822
30 95 673
30 96 792
30 97 590
30 98 735
30 99 196
31 32 300
31 33 730
31 34 482
31 35 432
31 36 489
31 37 305
31 38 423
31 39 526
31 40 422
31 41 215
31 42 491
31 43 474
31 44 790
31 45 451
31 46 352
31 47 579
31 48 466
31 49 450
31 50 547
31 51 193
31 52 293
31 53 511
31 54 288
31 55 528
31 56 509
31 57 401
31 58 263
31 59 534
31 60 252
31 61 270
31 62 663
31 63 590
31 64 354
31 65 675
31 66 415
31 67 511
31 68 494
31 69 594
31 70 158
31 71 347
31 72 491
31 73 49
31 74 515
31 75 440
31 76 205
31 77 634
31 78 239
31 79 568
31 80 489
31 81 395
31 82 684
31 83 319
31 84 650
31 85 395
31 86 131
31 87 554
31 88 525
31 89 255
31 90 172
31 91 725
31 92 378
31 93 532
31 94 436
31 95 428
31 96 389
31 97 210
31 98 634
31 99 468
32 33 964
32 34 732
32 35 654
32 36 463
32 37 424
32 38 325
32 39 784
32 40 585
32 41 286
32 42 712
32 43 308
32 44 1047
32 45 748
32 46 357
32 47 873
32 48 291
32 49 154
32 50 833
32 51 288
32 52 592
32 53 807
32 54 428
32 55 514
32 56 688
32 57 117
32 58 561
32 59 666
32 60 250
32 61 254
32 62 956
32 63 837
32 64 66
32 65 896
32 66 175
32 67 811
32 68 774
32 69 652
32 70 432
32 71 586
32 72 703
32 73 307
32 74 792
32 75 198
32 76 480
32 77 908
32 78 539
32 79 827
32 80 785
32 81 627
32 82 705
32 83 614
32 84 900
32 85 225
32 86 370
32 87 587
32 88 822
32 89 521
32 90 153
32 91 692
32 92 620
32 93 528
32 94 730
32 95 652
32 96 611
32 97 409
32 98 782
32 99 168
33 34 251
33 35 911
33 36 706
33 37 560
33 38 807
33 39 217
33 40 405
33 41 936
33 42 253
33 43 905
33 44 139
33 45 607
33 46 685
33 47 387
33 48 914
33 49 1112
33 50 722
33 51 678
33 52 610
33 53 419
33 54 949
33 55 687
33 56 309
33 57 1082
33 58 611
33 59 399
33 60 736
33 61 742
33 62 371
33 63 921
33 64 1030
33 65 83
33 66 1122
33 67 476
33 68 746
33 69 545
33 70 573
33 71 841
33 72 265
33 73 764
33 74 281
33 75 984
33 76 529
33 77 221
33 78 567
33 79 188
33 80 620
33 81 873
33 82 632
33 83 637
33 84 101
33 85 889
33 86 791
33 87 600
33 88 420
33 89 476
33 90 813
33 91 758
33 92 353
33 93 669
33 94 418
33 95 313
33 96 891
33 97 856
33 98 322
33 99 1113
34 35 683
34 36 563
34 37 363
34 38 629
34 39 55
34 40 246
34 41 685
34 42 97
34 43 724
34 44 315
34 45 414
34 46 501
34 47 276
34 48 729
34 49 884
34 50 546
34 51 455
34 52 376
34 53 264
34 54 700
34 55 560
34 56 205
34 57 849
34 58 372
34 59 315
34 60 523
34 61 532
34 62 320
34 63 725
34 64 797
34 65 210
34 66 882
34 67 317
34 68 551
34 69 471
34 70 324
34 71 607
34 72 121
34 73 514
34 74 122
34 75 780
34 76 278
34 77 199
34 78 321
34 79 98
34 80 438
34 81 644
34 82 579
34 83 409
34 84 169
34 85 690
34 86 540
34 87 498
34 88 273
34 89 227
34 90 579
34 91 690
34 92 113
34 93 547
34 94 220
34 95 107
34 96 659
34 97 607
34 98 320
34 99 889
35 36 915
35 37 705
35 38 854
35 39 698
35 40 765
35 41 376
35 42 748
35 43 898
35 44 904
35 45 331
35 46 780
35 47 580
35 48 888
35 49 765
35 50 299
35 51 622
35 52 307
35 53 518
35 54 243
35 55 951
35 56 817
35 57 705
35 58 316
35 59 885
35 60 683
35 61 702
35 62 654
35 63 192
35 64 677
35 65 890
35 66 667
35 67 474
35 68 231
35 69 986
35 70 474
35 71 89
35 72 761
35 73 391
35 74 631
35 75 837
35 76 482
35 77 724
35 78 377
35 79 723
35 80 342
35 81 42
35 82 1087
35 83 275
35 84 811
35 85 814
35 86 306
35 87 960
35 88 524
35 89 521
35 90 584
35 91 1145
35 92 633
35 93 952
35 94 495
35 95 697
35 96 44
35 97 246
35 98 955
35 99 796
36 37 235
36 38 149
36 39 615
36 40 319
36 41 652
36 42 486
36 43 229
36 44 830
36 45 828
36 46 137
36 47 816
36 48 246
36 49 554
36 50 955
36 51 295
36 52 691
36 53 774
36 54 766
36 55 51
36 56 400
36 57 557
36 58 663
36 59 313
36 60 252
36 61 237
36 62 876
36 63 1054
36 64 517
36 65 624
36 66 632
36 67 809
36 68 922
36 69 217
36 70 465
36 71 828
36 72 465
36 73 535
36 74 675
36 75 356
36 76 483
36 77 761
36 78 604
36 79 653
36 80 865
36 81 876
36 82 244
36 83 730
36 84 687
36 85 263
36 86 620
36 87 142
36 88 788
36 89 478
36 90 388
36 91 242
36 92 474
36 93 68
36 94 699
36 95 456
36 96 873
36 97 698
36 98 420
36 99 536
37 38 267
37 39 418
37 40 163
37 41 507
37 42 311
37 43 361
37 44 663
37 45 593
37 46 139
37 47 592
37 48 366
37 49 562
37 50 721
37 51 144
37 52 460
37 53 545
37 54 594
37 55 257
37 56 267
37 57 540
37 58 432
37 59 247
37 60 179
37 61 183
37 62 659
37 63 830
37 64 490
37 65 485
37 66 595
37 67 577
37 68 691
37 69 289
37 70 237
37 71 616
37 72 296
37 73 354
37 74 462
37 75 424
37 76 249
37 77 561
37 78 371
37 79 460
37 80 630
37 81 665
37 82 384
37 83 499
37 84 514
37 85 330
37 86 430
37 87 255
37 88 560
37 89 243
37 90 287
37 91 443
37 92 259
37 93 253
37 94 468
37 95 261
37 96 666
37 97 512
37 98 361
37 99 559
38 39 683
38 40 404
38 41 549
38 42 568
38 43 97
38 44 921
38 45 822
38 46 128
38 47 855
38 48 108
38 49 406
38 50 940
38 51 246
38 52 673
38 53 803
38 54 676
38 55 199
38 56 500
38 57 412
38 58 642
38 59 432
38 60 172
38 61 154
38 62 924
38 63 1011
38 64 375
38 65 727
38 66 489
38 67 829
38 68 898
38 69 362
38 70 449
38 71 770
38 72 550
38 73 463
38 74 728
38 75 207
38 76 480
38 77 827
38 78 591
38 79 725
38 80 861
38 81 818
38 82 392
38 83 708
38 84 773
38 85 114
38 86 549
38 87 289
38 88 818
38 89 491
38 90 284
38 91 367
38 92 526
38 93 217
38 94 724
38 95 525
38 96 811
38 97 620
38 98 547
38 99 387
39 40 297
39 41 725
39 42 137
39 43 778
39 44 265
39 45 411
39 46 556
39 47 242
39 48 784
39 49 936
39 50 538
39 51 508
39 52 394
39 53 243
39 54 732
39 55 611
39 56 245
39 57 899
39 58 394
39 59 357
39 60 577
39 61 587
39 62 275
39 63 725
39 64 848
39 65 193
39 66 931
39 67 299
39 68 550
39 69 515
39 70 369
39 71 626
39 72 162
39 73 556
39 74 91
39 75 834
39 76 322
39 77 146
39 78 349
39 79 44
39 80 431
39 81 660
39 82 620
39 83 423
39 84 125
39 85 745
39 86 577
39 87 546
39 88 249
39 89 272
39 90 631
39 91 734
39 92 166
39 93 597
39 94 215
39 95 160
39 96 677
39 97 640
39 98 346
39 99 942
40 41 636
40 42 168
40 43 501
40 44 518
40 45 581
40 46 280
40 47 512
40 48 510
40 49 725
40 50 716
40 51 299
40 52 479
40 53 482
40 54 699
40 55 314
40 56 104
40 57 702
40 58 459
40 59 120
40 60 342
40 61 345
40 62 564
40 63 859
40 64 651
40 65 326
40 66 754
40 67 525
40 68 700
40 69 245
40 70 300
40 71 678
40 72 147
40 73 468
40 74 364
40 75 581
40 76 283
40 77 442
40 78 395
40 79 334
40 80 613
40 81 724
40 82 355
40 83 519
40 84 371
40 85 485
40 86 529
40 87 257
40 88 494
40 89 246
40 90 444
40 91 454
40 92 176
40 93 301
40 94 415
40 95 140
40 96 730
40 97 610
40 98 212
40 99 721
41 42 703
41 43 567
41 44 984
41 45 547
41 46 519
41 47 733
41 48 553
41 49 388
41 50 600
41 51 374
41 52 409
41 53 662
41 54 142
41 55 698
41 56 724
41 57 329
41 58 386
41 59 745
41 60 400
41 61 416
41 62 819
41 63 566
41 64 301
41 65 884
41 66 298
41 67 647
41 68 533
41 69 790
41 70 365
41 71 321
41 72 705
41 73 174
41 74 700
41 75 480
41 76 407
41 77 817
41 78 396
41 79 765
41 80 579
41 81 356
41 82 872
41 83 415
41 84 850
41 85 480
41 86 159
41 87 742
41 88 675
41 89 460
41 90 267
41 91 894
41 92 587
41 93 706
41 94 598
41 95 640
41 96 336
41 97 146
41 98 848
41 99 419
42 43 665
42 44 353
42 45 501
42 46 442
42 47 373
42 48 672
42 49 859
42 50 634
42 51 425
42 52 442
42 53 360
42 54 737
42 55 478
42 56 109
42 57 829
42 58 432
42 59 220
42 60 484
42 61 490
42 62 412
42 63 805
42 64 778
42 65 186
42 66 871
42 67 412
42 68 634
42 69 378
42 70 339
42 71 667
42 72 25
42 73 529
42 74 219
42 75 735
42 76 301
42 77 278
42 78 374
42 79 169
42 80 527
42 81 707
42 82 484
42 83 478
42 84 205
42 85 641
42 86 570
42 87 409
42 88 369
42 89 249
42 90 561
42 91 597
42 92 120
42 93 463
42 94 310
42 95 63
42 96 720
42 97 644
42 98 226
42 99 860
43 44 1018
43 45 896
43 46 223
43 47 943
43 48 20
43 49 352
43 50 1008
43 51 317
43 52 742
43 53 889
43 54 702
43 55 275
43 56 597
43 57 371
43 58 711
43 59 527
43 60 237
43 61 220
43 62 1014
43 63 1064
43 64 343
43 65 825
43 66 453
43 67 912
43 68 962
43 69 446
43 70 524
43 71 817
43 72 647
43 73 508
43 74 821
43 75 140
43 76 559
43 77 922
43 78 664
43 79 820
43 80 934
43 81 865
43 82 460
43 83 776
43 84 869
43 85 87
43 86 593
43 87 371
43 88 904
43 89 576
43 90 315
43 91 411
43 92 619
43 93 294
43 94 810
43 95 620
43 96 855
43 97 657
43 98 641
43 99 327
44 45 581
44 46 795
44 47 336
44 48 1026
44 49 1199
44 50 678
44 51 767
44 52 619
44 53 388
44 54 977
44 55 814
44 56 430
44 57 1163
44 58 627
44 59 529
44 60 833
44 61 841
44 62 291
44 63 885
44 64 1112
44 65 217
44 66 1196
44 67 439
44 68 714
44 69 680
44 70 633
44 71 843
44 72 371
44 73 817
44 74 287
44 75 1087
44 76 585
44 77 180
44 78 595
44 79 222
44 80 584
44 81 869
44 82 769
44 83 639
44 84 150
44 85 994
44 86 830
44 87 731
44 88 384
44 89 536
44 90 894
44 91 895
44 92 427
44 93 797
44 94 414
44 95 404
44 96 890
44 97 887
44 98 459
44 99 1203
45 46 713
45 47 250
45 48 892
45 49 892
45 50 135
45 51 579
45 52 158
45 53 193
45 54 474
45 55 848
45 56 595
45 57 839
45 58 189
45 59 689
45 60 659
45 61 676
45 62 322
45 63 315
45 64 796
45 65 603
45 66 832
45 67 143
45 68 139
45 69 824
45 70 374
45 71 290
45 72 521
45 73 442
45 74 329
45 75 886
45 76 346
45 77 403
45 78 232
45 79 425
45 80 39
45 81 302
45 82 934
45 83 135
45 84 506
45 85 828
45 86 396
45 87 823
45 88 197
45 89 353
45 90 621
45 91 1022
45 92 411
45 93 842
45 94 196
45 95 468
45 96 327
45 97 407
45 98 726
45 99 914
46 47 730
46 48 230
46 49 474
46 50 836
46 51 159
46 52 569
46 53 681
46 54 630
46 55 180
46 56 380
46 57 464
46 58 539
46 59 326
46 60 121
46 61 109
46 62 798
46 63 924
46 64 419
46 65 606
46 66 532
46 67 709
46 68 798
46 69 295
46 70 342
46 71 693
46 72 425
46 73 398
46 74 601
46 75 305
46 76 367
46 77 700
46 78 483
46 79 597
46 80 751
46 81 742
46 82 358
46 83 607
46 84 646
46 85 207
46 86 483
46 87 232
46 88 695
46 89 371
46 90 259
46 91 376
46 92 398
46 93 187
46 94 602
46 95 397
46 96 738
46 97 561
46 98 443
46 99 463
47 48 944
47 49 1026
47 50 343
47 51 637
47 52 330
47 53 72
47 54 693
47 55 821
47 56 482
47 57 980
47 58 348
47 59 591
47 60 717
47 61 730
47 62 85
47 63 549
47 64 931
47 65 405
47 66 991
47 67 107
47 68 379
47 69 747
47 70 445
47 71 531
47 72 398
47 73 590
47 74 154
47 75 969
47 76 398
47 77 167
47 78 344
47 79 232
47 80 250
47 81 549
47 82 855
47 83 336
47 84 291
47 85 892
47 86 574
47 87 768
47 88 60
47 89 370
47 90 727
47 91 963
47 92 342
47 93 809
47 94 143
47 95 373
47 96 573
47 97 612
47 98 589
47 99 1040
48 49 333
48 50 1003
48 51 315
48 52 738
48 53 890
48 54 689
48 55 292
48 56 607
48 57 351
48 58 706
48 59 540
48 60 234
48 61 217
48 62 1016
48 63 1055
48 64 325
48 65 834
48 66 434
48 67 911
48 68 955
48 69 462
48 70 521
48 71 808
48 72 655
48 73 499
48 74 824
48 75 121
48 76 558
48 77 927
48 78 661
48 79 826
48 80 931
48 81 855
48 82 478
48 83 771
48 84 877
48 85 74
48 86 582
48 87 388
48 88 905
48 89 576
48 90 304
48 91 431
48 92 623
48 93 311
48 94 810
48 95 627
48 96 844
48 97 645
48 98 654
48 99 307
49 50 970
49 51 434
49 52 738
49 53 959
49 54 526
49 55 605
49 56 829
49 57 59
49 58 708
49 59 795
49 60 383
49 61 382
49 62 1109
49 63 954
49 64 97
49 65 1042
49 66 127
49 67 961
49 68 907
49 69 761
49 70 585
49 71 706
49 72 849
49 73 451
49 74 946
49 75 212
49 76 634
49 77 1062
49 78 689
49 79 979
49 80 929
49 81 743
49 82 798
49 83 758
49 84 1050
49 85 292
49 86 504
49 87 690
49 88 974
49 89 674
49 90 306
49 91 762
49 92 771
49 93 622
49 94 883
49 95 800
49 96 724
49 97 528
49 98 913
49 99 38
50 51 695
50 52 268
50 53 303
50 54 500
50 55 978
50 56 730
50 57 914
50 58 298
50 59 824
50 60 773
50 61 790
50 62 397
50 63 209
50 64 874
50 65 726
50 66 896
50 67 246
50 68 70
50 69 959
50 70 494
50 71 295
50 72 655
50 73 528
50 74 451
50 75 986
50 76 473
50 77 508
50 78 352
50 79 546
50 80 108
50 81 285
50 82 1068
50 83 232
50 84 622
50 85 936
50 86 466
50 87 956
50 88 302
50 89 484
50 90 719
50 91 1155
50 92 546
50 93 972
50 94 326
50 95 603
50 96 313
50 97 454
50 98 860
50 99 995
51 52 428
51 53 579
51 54 475
51 55 335
51 56 401
51 57 406
51 58 397
51 59 391
51 60 81
51 61 97
51 62 714
51 63 770
51 64 354
51 65 608
51 66 455
51 67 598
51 68 652
51 69 417
51 70 207
51 71 535
51 72 415
51 73 240
51 74 531
51 75 333
51 76 244
51 77 642
51 78 347
51 79 552
51 80 618
51 81 584
51 82 499
51 83 463
51 84 618
51 85 256
51 86 324
51 87 369
51 88 594
51 89 267
51 90 144
51 91 533
51 92 342
51 93 340
51 94 499
51 95 366
51 96 579
51 97 403
51 98 504
51 99 436
52 53 258
52 54 364
52 55 717
52 56 518
52 57 685
52 58 32
52 59 596
52 60 506
52 61 524
52 62 414
52 63 380
52 64 641
52 65 584
52 66 684
52 67 238
52 68 231
52 69 715
52 70 228
52 71 231
52 72 457
52 73 287
52 74 336
52 75 728
52 76 211
52 77 441
52 78 89
52 79 422
52 80 196
52 81 267
52 82 822
52 83 40
52 84 511
52 85 672
52 86 251
52 87 704
52 88 270
52 89 234
52 90 463
52 91 899
52 92 331
52 93 713
52 94 207
52 95 394
52 96 283
52 97 282
52 98 655
52 99 758
53 54 622
53 55 783
53 56 466
53 57 912
53 58 277
53 59 572
53 60 659
53 61 674
53 62 157
53 63 503
53 64 864
53 65 425
53 66 922
53 67 57
53 68 329
53 69 722
53 70 381
53 71 464
53 72 383
53 73 520
53 74 152
53 75 909
53 76 337
53 77 210
53 78 274
53 79 245
53 80 200
53 81 485
53 82 832
53 83 266
53 84 319
53 85 835
53 86 503
53 87 738
53 88 15
53 89 314
53 90 662
53 91 935
53 92 306
53 93 773
53 94 80
53 95 347
53 96 508
53 97 540
53 98 583
53 99 974
54 55 809
54 56 777
54 57 466
54 58 351
54 59 816
54 60 517
54 61 534
54 62 776
54 63 435
54 64 442
54 65 908
54 66 424
54 67 595
54 68 430
54 69 882
54 70 405
54 71 205
54 72 743
54 73 240
54 74 690
54 75 621
54 76 437
54 77 801
54 78 383
54 79 767
54 80 501
54 81 230
54 82 972
54 83 357
54 84 856
54 85 615
54 86 170
54 87 841
54 88 633
54 89 488
54 90 393
54 91 1007
54 92 617
54 93 815
54 94 570
54 95 676
54 96 206
54 97 93
54 98 908
54 99 558
55 56 385
55 57 608
55 58 689
55 59 289
55 60 298
55 61 284
55 62 877
55 63 1085
55 64 568
55 65 604
55 66 684
55 67 821
55 68 948
55 69 174
55 70 492
55 71 863
55 72 456
55 73 575
55 74 676
55 75 404
55 76 506
55 77 756
55 78 628
55 79 647
55 80 885
55 81 911
55 82 193
55 83 756
55 84 674
55 85 313
55 86 659
55 87 100
55 88 797
55 89 496
55 90 435
55 91 197
55 92 479
55 93 20
55 94 710
55 95 454
55 96 910
55 97 738
55 98 389
55 99 586
56 57 805
56 58 503
56 59 111
56 60 446
56 61 448
56 62 521
56 63 891
56 64 755
56 65 228
56 66 856
56 67 516
56 68 724
56 69 270
56 70 372
56 71 733
56 72 84
56 73 553
56 74 328
56 75 683
56 76 345
56 77 382
56 78 441
56 79 274
56 80 624
56 81 776
56 82 375
56 83 556
56 84 290
56 85 586
56 86 607
56 87 307
56 88 476
56 89 298
56 90 545
56 91 490
56 92 188
56 93 368
56 94 411
56 95 127
56 96 786
56 97 685
56 98 137
56 99 825
57 58 656
57 59 779
57 60 364
57 61 366
57 62 1063
57 63 895
57 64 52
57 65 1013
57 66 84
57 67 912
57 68 851
57 69 757
57 70 542
57 71 648
57 72 821
57 73 399
57 74 905
57 75 236
57 76 591
57 77 1022
57 78 640
57 79 943
57 80 875
57 81 685
57 82 801
57 83 704
57 84 1016
57 85 300
57 86 448
57 87 688
57 88 927
57 89 634
57 90 269
57 91 775
57 92 736
57 93 624
57 94 837
57 95 769
57 96 665
57 97 470
57 98 896
57 99 93
58 59 577
58 60 475
58 61 492
58 62 433
58 63 403
58 64 611
58 65 581
58 66 656
58 67 262
58 68 260
58 69 692
58 70 198
58 71 236
58 72 445
58 73 257
58 74 341
58 75 697
58 76 185
58 77 451
58 78 64
58 79 424
58 80 228
58 81 275
58 82 799
58 83 67
58 84 514
58 85 641
58 86 227
58 87 678
58 88 290
58 89 213
58 90 432
58 91 873
58 92 317
58 93 685
58 94 219
58 95 381
58 96 288
58 97 265
58 98 640
58 99 728
59 60 416
59 61 414
59 62 632
59 63 975
59 64 730
59 65 316
59 66 838
59 67 620
59 68 813
59 69 159
59 70 419
59 71 798
59 72 195
59 73 581
59 74 438
59 75 629
59 76 403
59 77 493
59 78 513
59 79 385
59 80 720
59 81 843
59 82 264
59 83 636
59 84 395
59 85 531
59 86 646
59 87 202
59 88 583
59 89 365
59 90 534
59 91 379
59 92 278
59 93 270
59 94 513
59 95 225
59 96 850
59 97 728
59 98 118
59 99 787
60 61 18
60 62 792
60 63 839
60 64 315
60 65 662
60 66 424
60 67 679
60 68 728
60 69 411
60 70 287
60 71 599
60 72 472
60 73 293
60 74 606
60 75 258
60 76 325
60 77 715
60 78 427
60 79 621
60 80 698
60 81 647
60 82 478
60 83 540
60 84 683
60 85 176
60 86 380
60 87 352
60 88 674
60 89 347
60 90 138
60 91 494
60 92 412
60 93 307
60 94 579
60 95 429
60 96 640
60 97 454
60 98 533
60 99 380
61 62 805
61 63 857
61 64 318
61 65 667
61 66 428
61 67 694
61 68 746
61 69 402
61 70 304
61 71 617
61 72 477
61 73 312
61 74 617
61 75 247
61 76 341
61 77 725
61 78 444
61 79 630
61 80 715
61 81 665
61 82 467
61 83 558
61 84 691
61 85 162
61 86 398
61 87 341
61 88 689
61 89 361
61 90 151
61 91 478
61 92 422
61 93 294
61 94 594
61 95 437
61 96 659
61 97 471
61 98 531
61 99 377
62 63 605
62 64 1014
62 65 406
62 66 1076
62 67 183
62 68 442
62 69 790
62 70 526
62 71 609
62 72 437
62 73 674
62 74 201
62 75 1047
62 76 478
62 77 156
62 78 429
62 79 252
62 80 315
62 81 625
62 82 896
62 83 419
62 84 287
62 85 967
62 86 659
62 87 818
62 88 144
62 89 446
62 90 808
62 91 1009
62 92 402
62 93 864
62 94 227
62 95 424
62 96 649
62 97 696
62 98 614
62 99 1122
63 64 865
63 65 918
63 66 859
63 67 448
63 68 176
63 69 1095
63 70 593
63 71 252
63 72 823
63 73 557
63 74 644
63 75 1015
63 76 587
63 77 712
63 78 467
63 79 740
63 80 302
63 81 211
63 82 1201
63 83 340
63 84 820
63 85 984
63 86 476
63 87 1080
63 88 504
63 89 614
63 90 754
63 91 1273
63 92 703
63 93 1083
63 94 510
63 95 765
63 96 230
63 97 429
63 98 1026
63 99 984
64 65 962
64 66 115
64 67 865
64 68 813
64 69 712
64 70 492
64 71 615
64 72 769
64 73 354
64 74 854
64 75 216
64 76 541
64 77 971
64 78 593
64 79 891
64 80 832
64 81 654
64 82 761
64 83 661
64 84 965
64 85 267
64 86 409
64 87 645
64 88 878
64 89 583
64 90 218
64 91 741
64 92 685
64 93 583
64 94 788
64 95 717
64 96 636
64 97 437
64 98 847
64 99 121
65 66 1056
65 67 482
65 68 742
65 69 464
65 70 520
65 71 816
65 72 192
65 73 711
65 74 275
65 75 907
65 76 478
65 77 250
65 78 531
65 79 180
65 80 620
65 81 851
65 82 552
65 83 615
65 84 119
65 85 811
65 86 745
65 87 517
65 88 428
65 89 425
65 90 746
65 91 678
65 92 297
65 93 586
65 94 408
65 95 249
65 96 867
65 97 815
65 98 243
65 99 1041
66 67 917
66 68 830
66 69 826
66 70 566
66 71 617
66 72 864
66 73 402
66 74 928
66 75 319
66 76 615
66 77 1046
66 78 648
66 79 974
66 80 867
66 81 650
66 82 876
66 83 698
66 84 1051
66 85 380
66 86 437
66 87 760
66 88 936
66 89 661
66 90 311
66 91 855
66 92 772
66 93 698
66 94 849
66 95 809
66 96 629
66 97 443
66 98 954
66 99 164
67 68 275
67 69 768
67 70 395
67 71 426
67 72 435
67 73 515
67 74 209
67 75 924
67 76 354
67 77 264
67 78 272
67 79 302
67 80 146
67 81 443
67 82 878
67 83 238
67 84 376
67 85 854
67 86 489
67 87 780
67 88 56
67 89 338
67 90 670
67 91 979
67 92 349
67 93 812
67 94 111
67 95 395
67 96 467
67 97 518
67 98 637
67 99 978
68 69 941
68 70 458
68 71 226
68 72 653
68 73 471
68 74 468
68 75 933
68 76 442
68 77 538
68 78 319
68 79 564
68 80 130
68 81 216
68 82 1049
68 83 192
68 84 645
68 85 887
68 86 404
68 87 933
68 88 331
68 89 460
68 90 666
68 91 1129
68 92 537
68 93 943
68 94 335
68 95 597
68 96 243
68 97 387
68 98 858
68 99 933
69 70 512
69 71 897
69 72 353
69 73 643
69 74 594
69 75 570
69 76 509
69 77 652
69 78 628
69 79 544
69 80 858
69 81 944
69 82 110
69 83 756
69 84 552
69 85 474
69 86 719
69 87 75
69 88 734
69 89 481
69 90 546
69 91 220
69 92 420
69 93 154
69 94 659
69 95 375
69 96 948
69 97 801
69 98 229
69 99 745
70 71 385
70 72 342
70 73 191
70 74 363
70 75 529
70 76 49
70 77 481
70 78 142
70 79 411
70 80 412
70 81 433
70 82 614
70 83 266
70 84 492
70 85 461
70 86 235
70 87 489
70 88 397
70 89 98
70 90 282
70 91 680
70 92 223
70 93 490
70 94 303
70 95 276
70 96 436
70 97 313
70 98 505
70 99 597
71 72 679
71 73 309
71 74 564
71 75 763
71 76 395
71 77 664
71 78 293
71 79 653
71 80 310
71 81 49
71 82 998
71 83 205
71 84 742
71 85 735
71 86 225
71 87 871
71 88 472
71 89 435
71 90 505
71 91 1057
71 92 551
71 93 863
71 94 430
71 95 614
71 96 53
71 97 178
71 98 870
71 99 735
72 73 531
72 74 243
72 75 720
72 76 306
72 77 302
72 78 386
72 79 193
72 80 548
72 81 720
72 82 459
72 83 493
72 84 224
72 85 626
72 86 575
72 87 385
72 88 393
72 89 255
72 90 554
72 91 572
72 92 129
72 93 440
72 94 332
72 95 67
72 96 732
72 97 650
72 98 205
72 99 849
73 74 538
73 75 463
73 76 235
73 77 656
73 78 246
73 79 596
73 80 479
73 81 357
73 82 733
73 83 307
73 84 680
73 85 427
73 86 86
73 87 603
73 88 534
73 89 287
73 90 198
73 91 772
73 92 414
73 93 579
73 94 448
73 95 466
73 96 348
73 97 163
73 98 679
73 99 472
74 75 863
74 76 314
74 77 118
74 78 309
74 79 96
74 80 345
74 81 594
74 82 701
74 83 359
74 84 180
74 85 779
74 86 545
74 87 618
74 88 158
74 89 271
74 90 640
74 91 812
74 92 203
74 93 664
74 94 137
74 95 223
74 96 613
74 97 601
74 98 436
74 99 955
75 76 573
75 77 972
75 78 660
75 79 877
75 80 924
75 81 808
75 82 595
75 83 757
75 84 937
75 85 99
75 86 540
75 87 496
75 88 924
75 89 600
75 90 267
75 91 552
75 92 669
75 93 423
75 94 830
75 95 683
75 96 794
75 97 591
75 98 746
75 99 186
76 77 432
76 78 122
76 79 363
76 80 384
76 81 441
76 82 614
76 83 251
76 84 446
76 85 500
76 86 269
76 87 493
76 88 352
76 89 53
76 90 330
76 91 688
76 92 182
76 93 502
76 94 257
76 95 240
76 96 447
76 97 344
76 98 480
76 99 645
77 78 423
77 79 109
77 80 409
77 81 689
77 82 754
77 83 459
77 84 131
77 85 885
77 86 661
77 87 687
77 88 208
77 89 388
77 90 756
77 91 872
77 92 304
77 93 741
77 94 234
77 95 306
77 96 710
77 97 714
77 98 463
77 99 1070
78 79 384
78 80 270
78 81 335
78 82 735
78 83 129
78 84 473
78 85 598
78 86 238
78 87 615
78 88 288
78 89 148
78 90 400
78 91 811
78 92 257
78 93 624
78 94 203
78 95 321
78 96 346
78 97 293
78 98 578
78 99 706
79 80 441
79 81 685
79 82 647
79 83 449
79 84 89
79 85 788
79 86 614
79 87 578
79 88 249
79 89 314
79 90 674
79 91 764
79 92 210
79 93 632
79 94 232
79 95 200
79 96 703
79 97 676
79 98 362
79 99 985
80 81 317
80 82 967
80 83 171
80 84 519
80 85 867
80 86 430
80 87 858
80 88 202
80 89 389
80 90 659
80 91 1057
80 92 442
80 93 878
80 94 218
80 95 497
80 96 343
80 97 438
80 98 753
80 99 951
81 82 1046
81 83 237
81 84 773
81 85 782
81 86 272
81 87 920
81 88 492
81 89 480
81 90 551
81 91 1105
81 92 592
81 93 912
81 94 458
81 95 656
81 96 27
81 97 219
81 98 913
81 99 773
82 83 863
82 84 648
82 85 506
82 86 812
82 87 130
82 88 843
82 89 589
82 90 616
82 91 128
82 92 530
82 93 178
82 94 769
82 95 485
82 96 1048
82 97 894
82 98 310
82 99 778
83 84 537
83 85 704
83 86 262
83 87 744
83 88 277
83 89 274
83 90 491
83 91 939
83 92 368
83 93 752
83 94 225
83 95 432
83 96 255
83 97 281
83 98 693
83 99 779
84 85 844
84 86 702
84 87 596
84 88 321
84 89 395
84 90 747
84 91 771
84 92 280
84 93 658
84 94 317
84 95 254
84 96 792
84 97 764
84 98 346
84 99 1054
85 86 510
85 87 402
85 88 850
85 89 522
85 90 230
85 91 475
85 92 581
85 93 331
85 94 755
85 95 591
85 96 771
85 97 572
85 98 647
85 99 273
86 87 682
86 88 516
86 89 321
86 90 280
86 91 856
86 92 451
86 93 662
86 94 439
86 95 509
86 96 262
86 97 82
86 98 738
86 99 529
87 88 750
87 89 473
87 90 489
87 91 199
87 92 431
87 93 80
87 94 669
87 95 396
87 96 921
87 97 763
87 98 293
87 99 674
88 89 329
88 90 677
88 91 948
88 92 319
88 93 786
88 94 95
88 95 359
88 96 515
88 97 552
88 98 592
88 99 989
89 90 369
89 91 671
89 92 129
89 93 490
89 94 234
89 95 188
89 96 488
89 97 395
89 98 435
89 99 684
90 91 629
90 92 467
90 93 445
90 94 584
90 95 500
90 96 541
90 97 342
90 98 648
90 99 315
91 92 629
91 93 194
91 94 868
91 95 590
91 96 1104
91 97 935
91 98 436
91 99 738
92 93 468
92 94 239
92 95 64
92 96 604
92 97 524
92 98 324
92 99 776
93 94 701
93 95 441
93 96 911
93 97 742
93 98 369
93 99 603
94 95 287
94 96 478
94 97 484
94 98 537
94 99 897
95 96 667
95 97 583
95 98 262
95 99 803
96 97 203
96 98 923
96 99 755
97 98 818
97 99 557
98 99 905
