100 4950
0 1 67
0 2 192
0 3 291
0 4 380
0 5 483
0 6 595
0 7 673
0 8 786
0 9 901
0 10 112
0 11 129
0 12 214
0 13 320
0 14 395
0 15 489
0 16 600
0 17 696
0 18 776
0 19 891
0 20 186
0 21 232
0 22 270
0 23 360
0 24 444
0 25 516
0 26 629
0 27 721
0 28 820
0 29 917
0 30 311
0 31 303
0 32 358
0 33 407
0 34 483
0 35 571
0 36 654
0 37 767
0 38 847
0 39 959
0 40 389
0 41 416
0 42 428
0 43 491
0 44 557
0 45 644
0 46 716
0 47 805
0 48 872
0 49 978
0 50 499
0 51 543
0 52 542
0 53 582
0 54 643
0 55 698
0 56 776
0 57 834
0 58 924
0 59 1008
0 60 613
0 61 619
0 62 633
0 63 666
0 64 704
0 65 777
0 66 847
0 67 919
0 68 1004
0 69 1069
0 70 702
0 71 694
0 72 723
0 73 753
0 74 801
0 75 851
0 76 916
0 77 984
0 78 1054
0 79 1126
0 80 813
0 81 819
0 82 817
0 83 845
0 84 895
0 85 937
0 86 985
0 87 1056
0 88 1135
0 89 1171
0 90 879
0 91 893
0 92 903
0 93 948
0 94 991
0 95 1022
0 96 1081
0 97 1133
0 98 1197
0 99 1259
1 2 125
1 3 224
1 4 313
1 5 416
1 6 528
1 7 606
1 8 719
1 9 834
1 10 151
1 11 116
1 12 168
1 13 260
1 14 332
1 15 425
1 16 535
1 17 631
1 18 711
1 19 826
1 20 211
1 21 220
1 22 235
1 23 312
1 24 389
1 25 458
1 26 569
1 27 659
1 28 757
1 29 853
1 30 329
1 31 303
1 32 335
1 33 373
1 34 437
1 35 518
1 36 599
1 37 710
1 38 787
1 39 899
1 40 406
1 41 412
1 42 411
1 43 459
1 44 518
1 45 599
1 46 666
1 47 753
1 48 816
1 49 921
1 50 511
1 51 543
1 52 529
1 53 557
1 54 610
1 55 657
1 56 732
1 57 784
1 58 872
1 59 954
1 60 625
1 61 622
1 62 621
1 63 648
1 64 677
1 65 743
1 66 806
1 67 875
1 68 957
1 69 1018
1 70 714
1 71 695
1 72 715
1 73 736
1 74 777
1 75 821
1 76 880
1 77 944
1 78 1009
1 79 1080
1 80 824
1 81 821
1 82 810
1 83 831
1 84 875
1 85 911
1 86 952
1 87 1018
1 88 1094
1 89 1127
1 90 890
1 91 896
1 92 900
1 93 937
1 94 973
1 95 999
1 96 1051
1 97 1099
1 98 1160
1 99 1218
2 3 99
2 4 188
2 5 292
2 6 404
2 7 482
2 8 594
2 9 710
2 10 246
2 11 160
2 12 115
2 13 148
2 14 211
2 15 302
2 16 411
2 17 507
2 18 587
2 19 701
2 20 279
2 21 228
2 22 191
2 23 227
2 24 284
2 25 344
2 26 451
2 27 538
2 28 635
2 29 731
2 30 371
2 31 320
2 32 303
2 33 313
2 34 349
2 35 413
2 36 492
2 37 595
2 38 669
2 39 780
2 40 441
2 41 411
2 42 386
2 43 401
2 44 441
2 45 508
2 46 566
2 47 646
2 48 704
2 49 807
2 50 535
2 51 543
2 52 503
2 53 507
2 54 545
2 55 574
2 56 641
2 57 682
2 58 766
2 59 845
2 60 642
2 61 622
2 62 596
2 63 608
2 64 619
2 65 669
2 66 722
2 67 784
2 68 858
2 69 914
2 70 730
2 71 693
2 72 693
2 73 699
2 74 726
2 75 757
2 76 802
2 77 859
2 78 916
2 79 984
2 80 834
2 81 815
2 82 788
2 83 797
2 84 828
2 85 852
2 86 881
2 87 937
2 88 1006
2 89 1034
2 90 900
2 91 891
2 92 883
2 93 906
2 94 928
2 95 945
2 96 983
2 97 1025
2 98 1078
2 99 1130
3 4 89
3 5 193
3 6 305
3 7 383
3 8 495
3 9 610
3 10 338
3 11 243
3 12 158
3 13 96
3 14 124
3 15 209
3 16 315
3 17 410
3 18 489
3 19 603
3 20 360
3 21 283
3 22 216
3 23 199
3 24 222
3 25 266
3 26 365
3 27 447
3 28 541
3 29 636
3 30 434
3 31 370
3 32 319
3 33 303
3 34 305
3 35 346
3 36 419
3 37 511
3 38 580
3 39 690
3 40 496
3 41 443
3 42 400
3 43 386
3 44 404
3 45 454
3 46 500
3 47 572
3 48 622
3 49 722
3 50 578
3 51 569
3 52 512
3 53 494
3 54 515
3 55 526
3 56 584
3 57 613
3 58 691
3 59 766
3 60 679
3 61 646
3 62 602
3 63 600
3 64 594
3 65 629
3 66 671
3 67 724
3 68 791
3 69 841
3 70 763
3 71 713
3 72 699
3 73 691
3 74 705
3 75 724
3 76 756
3 77 805
3 78 853
3 79 918
3 80 862
3 81 831
3 82 791
3 83 791
3 84 809
3 85 822
3 86 840
3 87 886
3 88 948
3 89 972
3 90 926
3 91 906
3 92 890
3 93 900
3 94 910
3 95 919
3 96 943
3 97 979
3 98 1025
3 99 1072
4 5 104
4 6 215
4 7 294
4 8 406
4 9 522
4 10 425
4 11 328
4 12 232
4 13 125
4 14 84
4 15 136
4 16 233
4 17 325
4 18 404
4 19 517
4 20 441
4 21 353
4 22 274
4 23 220
4 24 201
4 25 217
4 26 299
4 27 372
4 28 462
4 29 554
4 30 504
4 31 434
4 32 362
4 33 327
4 34 297
4 35 306
4 36 369
4 37 446
4 38 507
4 39 614
4 40 560
4 41 492
4 42 438
4 43 399
4 44 396
4 45 425
4 46 457
4 47 518
4 48 558
4 49 653
4 50 633
4 51 611
4 52 541
4 53 506
4 54 511
4 55 502
4 56 549
4 57 564
4 58 635
4 59 703
4 60 727
4 61 685
4 62 626
4 63 613
4 64 593
4 65 611
4 66 640
4 67 683
4 68 741
4 69 784
4 70 808
4 71 748
4 72 721
4 73 702
4 74 704
4 75 711
4 76 730
4 77 769
4 78 808
4 79 869
4 80 902
4 81 860
4 82 810
4 83 801
4 84 808
4 85 811
4 86 817
4 87 853
4 88 908
4 89 926
4 90 964
4 91 935
4 92 911
4 93 910
4 94 909
4 95 910
4 96 922
4 97 951
4 98 990
4 99 1030
5 6 112
5 7 190
5 8 302
5 9 418
5 10 528
5 11 429
5 12 328
5 13 208
5 14 133
5 15 97
5 16 148
5 17 231
5 18 307
5 19 418
5 20 539
5 21 444
5 22 358
5 23 281
5 24 224
5 25 199
5 26 241
5 27 294
5 28 375
5 29 463
5 30 593
5 31 519
5 32 431
5 33 381
5 34 320
5 35 290
5 36 333
5 37 382
5 38 430
5 39 532
5 40 643
5 41 563
5 42 499
5 43 438
5 44 413
5 45 415
5 46 426
5 47 468
5 48 494
5 49 581
5 50 707
5 51 672
5 52 591
5 53 538
5 54 525
5 55 494
5 56 526
5 57 521
5 58 579
5 59 639
5 60 793
5 61 742
5 62 669
5 63 645
5 64 608
5 65 607
5 66 619
5 67 649
5 68 694
5 69 727
5 70 870
5 71 800
5 72 761
5 73 729
5 74 717
5 75 710
5 76 712
5 77 740
5 78 765
5 79 822
5 80 957
5 81 905
5 82 845
5 83 826
5 84 820
5 85 811
5 86 804
5 87 826
5 88 870
5 89 882
5 90 1017
5 91 978
5 92 946
5 93 933
5 94 919
5 95 912
5 96 908
5 97 929
5 98 958
5 99 989
6 7 79
6 8 191
6 9 306
6 10 637
6 11 536
6 12 433
6 13 308
6 14 226
6 15 148
6 16 96
6 17 138
6 18 206
6 19 312
6 20 644
6 21 542
6 22 453
6 23 363
6 24 284
6 25 227
6 26 211
6 27 226
6 28 286
6 29 367
6 30 688
6 31 611
6 32 512
6 33 451
6 34 368
6 35 303
6 36 317
6 37 327
6 38 354
6 39 446
6 40 732
6 41 642
6 42 572
6 43 493
6 44 447
6 45 422
6 46 408
6 47 427
6 48 433
6 49 506
6 50 786
6 51 741
6 52 650
6 53 583
6 54 552
6 55 500
6 56 512
6 57 485
6 58 527
6 59 573
6 60 864
6 61 806
6 62 720
6 63 685
6 64 633
6 65 612
6 66 606
6 67 620
6 68 648
6 69 668
6 70 936
6 71 857
6 72 807
6 73 763
6 74 738
6 75 716
6 76 700
6 77 714
6 78 724
6 79 773
6 80 1016
6 81 955
6 82 885
6 83 857
6 84 837
6 85 815
6 86 793
6 87 800
6 88 832
6 89 836
6 90 1073
6 91 1024
6 92 985
6 93 959
6 94 933
6 95 916
6 96 895
6 97 907
6 98 925
6 99 946
7 8 112
7 9 228
7 10 712
7 11 611
7 12 506
7 13 380
7 14 297
7 15 210
7 16 118
7 17 92
7 18 139
7 19 236
7 20 716
7 21 612
7 22 521
7 23 425
7 24 338
7 25 268
7 26 216
7 27 194
7 28 230
7 29 300
7 30 754
7 31 676
7 32 571
7 33 505
7 34 411
7 35 328
7 36 322
7 37 300
7 38 307
7 39 387
7 40 795
7 41 698
7 42 625
7 43 536
7 44 479
7 45 437
7 46 407
7 47 406
7 48 396
7 49 457
7 50 842
7 51 790
7 52 694
7 53 618
7 54 577
7 55 511
7 56 510
7 57 467
7 58 494
7 59 530
7 60 914
7 61 851
7 62 758
7 63 716
7 64 654
7 65 620
7 66 601
7 67 603
7 68 619
7 69 629
7 70 982
7 71 898
7 72 840
7 73 789
7 74 755
7 75 723
7 76 694
7 77 698
7 78 696
7 79 739
7 80 1057
7 81 990
7 82 913
7 83 879
7 84 851
7 85 820
7 86 788
7 87 783
7 88 807
7 89 804
7 90 1112
7 91 1056
7 92 1012
7 93 978
7 94 943
7 95 920
7 96 887
7 97 892
7 98 902
7 99 916
8 9 115
8 10 824
8 11 722
8 12 616
8 13 490
8 14 406
8 15 316
8 16 211
8 17 132
8 18 101
8 19 145
8 20 825
8 21 718
8 22 627
8 23 527
8 24 434
8 25 358
8 26 277
8 27 214
8 28 195
8 29 231
8 30 858
8 31 779
8 32 669
8 33 598
8 34 497
8 35 400
8 36 372
8 37 309
8 38 281
8 39 332
8 40 895
8 41 793
8 42 717
8 43 620
8 44 552
8 45 493
8 46 443
8 47 416
8 48 380
8 49 415
8 50 935
8 51 876
8 52 776
8 53 691
8 54 639
8 55 558
8 56 540
8 57 476
8 58 481
8 59 497
8 60 1001
8 61 933
8 62 832
8 63 783
8 64 711
8 65 661
8 66 625
8 67 610
8 68 606
8 69 599
8 70 1064
8 71 975
8 72 909
8 73 849
8 74 804
8 75 760
8 76 715
8 77 704
8 78 685
8 79 718
8 80 1132
8 81 1058
8 82 975
8 83 934
8 84 894
8 85 852
8 86 807
8 87 787
8 88 796
8 89 784
8 90 1184
8 91 1122
8 92 1071
8 93 1028
8 94 981
8 95 949
8 96 902
8 97 896
8 98 894
8 99 896
9 10 938
9 11 836
9 12 729
9 13 603
9 14 520
9 15 427
9 16 319
9 17 228
9 18 163
9 19 105
9 20 938
9 21 829
9 22 737
9 23 634
9 24 539
9 25 459
9 26 365
9 27 281
9 28 219
9 29 201
9 30 966
9 31 885
9 32 772
9 33 699
9 34 593
9 35 488
9 36 445
9 37 354
9 38 296
9 39 305
9 40 999
9 41 893
9 42 815
9 43 712
9 44 637
9 45 565
9 46 502
9 47 453
9 48 395
9 49 398
9 50 1033
9 51 969
9 52 865
9 53 774
9 54 713
9 55 622
9 56 589
9 57 509
9 58 491
9 59 484
9 60 1093
9 61 1021
9 62 914
9 63 859
9 64 780
9 65 716
9 66 666
9 67 635
9 68 612
9 69 587
9 70 1151
9 71 1058
9 72 985
9 73 918
9 74 865
9 75 810
9 76 750
9 77 725
9 78 689
9 79 710
9 80 1214
9 81 1134
9 82 1045
9 83 997
9 84 948
9 85 896
9 86 839
9 87 803
9 88 798
9 89 777
9 90 1262
9 91 1194
9 92 1138
9 93 1086
9 94 1029
9 95 990
9 96 927
9 97 912
9 98 898
9 99 887
10 11 102
10 12 212
10 13 336
10 14 419
10 15 513
10 16 625
10 17 722
10 18 801
10 19 916
10 20 79
10 21 165
10 22 236
10 23 342
10 24 438
10 25 518
10 26 634
10 27 730
10 28 831
10 29 929
10 30 203
10 31 211
10 32 295
10 33 360
10 34 454
10 35 556
10 36 639
10 37 762
10 38 848
10 39 960
10 40 281
10 41 324
10 42 352
10 43 434
10 44 513
10 45 609
10 46 690
10 47 785
10 48 860
10 49 968
10 50 391
10 51 444
10 52 457
10 53 512
10 54 584
10 55 653
10 56 737
10 57 806
10 58 901
10 59 989
10 60 505
10 61 519
10 62 544
10 63 587
10 64 637
10 65 721
10 66 799
10 67 878
10 68 969
10 69 1040
10 70 594
10 71 593
10 72 630
10 73 669
10 74 726
10 75 785
10 76 860
10 77 935
10 78 1012
10 79 1086
10 80 706
10 81 718
10 82 724
10 83 757
10 84 816
10 85 865
10 86 922
10 87 1001
10 88 1086
10 89 1126
10 90 771
10 91 791
10 92 806
10 93 857
10 94 908
10 95 945
10 96 1014
10 97 1071
10 98 1141
10 99 1208
11 12 109
11 13 234
11 14 317
11 15 411
11 16 523
11 17 619
11 18 698
11 19 813
11 20 119
11 21 106
11 22 145
11 23 246
11 24 339
11 25 417
11 26 533
11 27 629
11 28 730
11 29 828
11 30 220
11 31 188
11 32 229
11 33 280
11 34 363
11 35 460
11 36 543
11 37 664
11 38 748
11 39 861
11 40 295
11 41 297
11 42 301
11 43 362
11 44 432
11 45 523
11 46 599
11 47 692
11 48 764
11 49 872
11 50 398
11 51 428
11 52 416
11 53 452
11 54 514
11 55 573
11 56 653
11 57 716
11 58 809
11 59 896
11 60 511
11 61 506
11 62 508
11 63 539
11 64 575
11 65 649
11 66 721
11 67 796
11 68 883
11 69 951
11 70 600
11 71 580
11 72 601
11 73 626
11 74 672
11 75 722
11 76 788
11 77 858
11 78 930
11 79 1003
11 80 709
11 81 705
11 82 696
11 83 720
11 84 767
11 85 808
11 86 856
11 87 928
11 88 1009
11 89 1046
11 90 775
11 91 780
11 92 785
11 93 824
11 94 864
11 95 893
11 96 952
11 97 1004
11 98 1069
11 99 1133
12 13 126
12 14 210
12 15 303
12 16 414
12 17 511
12 18 589
12 19 704
12 20 211
12 21 125
12 22 78
12 23 146
12 24 232
12 25 309
12 26 424
12 27 520
12 28 621
12 29 718
12 30 276
12 31 214
12 32 189
12 33 209
12 34 269
12 35 357
12 36 440
12 37 557
12 38 640
12 39 753
12 40 339
12 41 298
12 42 271
12 43 297
12 44 350
12 45 431
12 46 502
12 47 591
12 48 660
12 49 767
12 50 426
12 51 429
12 52 389
12 53 400
12 54 446
12 55 489
12 56 564
12 57 619
12 58 710
12 59 794
12 60 531
12 61 508
12 62 483
12 63 498
12 64 516
12 65 576
12 66 639
12 67 708
12 68 791
12 69 854
12 70 618
12 71 578
12 72 579
12 73 588
12 74 620
12 75 658
12 76 713
12 77 776
12 78 842
12 79 913
12 80 721
12 81 700
12 82 674
12 83 686
12 84 721
12 85 750
12 86 787
12 87 851
12 88 926
12 89 959
12 90 786
12 91 776
12 92 769
12 93 794
12 94 820
12 95 841
12 96 887
12 97 933
12 98 992
12 99 1050
13 14 83
13 15 177
13 16 289
13 17 385
13 18 464
13 19 579
13 20 336
13 21 236
13 22 151
13 23 105
13 24 136
13 25 198
13 26 309
13 27 401
13 28 500
13 29 598
13 30 385
13 31 312
13 32 238
13 33 211
13 34 211
13 35 265
13 36 344
13 37 450
13 38 527
13 39 639
13 40 437
13 41 367
13 42 315
13 43 291
13 44 309
13 45 364
13 46 418
13 47 498
13 48 557
13 49 661
13 50 508
13 51 488
13 52 422
13 53 399
13 54 420
13 55 434
13 56 497
13 57 534
13 58 618
13 59 697
13 60 603
13 61 563
13 62 511
13 63 506
13 64 499
13 65 535
13 66 581
13 67 638
13 68 711
13 69 766
13 70 684
13 71 627
13 72 607
13 73 596
13 74 609
13 75 629
13 76 664
13 77 716
13 78 769
13 79 837
13 80 780
13 81 742
13 82 699
13 83 696
13 84 713
13 85 726
13 86 747
13 87 796
13 88 862
13 89 888
13 90 843
13 91 817
13 92 798
13 93 805
13 94 814
13 95 823
13 96 850
13 97 887
13 98 936
13 99 986
14 15 95
14 16 207
14 17 304
14 18 383
14 19 498
14 20 419
14 21 317
14 22 228
14 23 150
14 24 117
14 25 143
14 26 242
14 27 328
14 28 425
14 29 521
14 30 463
14 31 387
14 32 299
14 33 253
14 34 213
14 35 227
14 36 297
14 37 388
14 38 458
14 39 569
14 40 511
14 41 430
14 42 369
14 43 319
14 44 312
14 45 343
14 46 381
14 47 449
14 48 498
14 49 599
14 50 574
14 51 543
14 52 466
14 53 424
14 54 427
14 55 419
14 56 470
14 57 492
14 58 568
14 59 642
14 60 662
14 61 615
14 62 549
14 63 532
14 64 509
14 65 528
14 66 559
14 67 606
14 68 669
14 69 717
14 70 740
14 71 674
14 72 643
14 73 620
14 74 620
14 75 627
14 76 648
14 77 690
14 78 733
14 79 797
14 80 830
14 81 784
14 82 731
14 83 719
14 84 724
14 85 727
14 86 735
14 87 773
14 88 831
14 89 852
14 90 891
14 91 858
14 92 831
14 93 827
14 94 825
14 95 826
14 96 839
14 97 870
14 98 911
14 99 954
15 16 112
15 17 209
15 18 288
15 19 404
15 20 510
15 21 403
15 22 312
15 23 216
15 24 138
15 25 102
15 26 163
15 27 239
15 28 333
15 29 429
15 30 545
15 31 466
15 32 365
15 33 304
15 34 229
15 35 193
15 36 242
15 37 310
15 38 373
15 39 481
15 40 586
15 41 494
15 42 425
15 43 351
15 44 318
15 45 318
15 46 333
15 47 385
15 48 423
15 49 518
15 50 639
15 51 595
15 52 507
15 53 447
15 54 429
15 55 397
15 56 432
15 57 435
15 58 501
15 59 567
15 60 718
15 61 662
15 62 581
15 63 553
15 64 512
15 65 510
15 66 525
15 67 559
15 68 610
15 69 650
15 70 791
15 71 716
15 72 671
15 73 635
15 74 621
15 75 613
15 76 617
15 77 648
15 78 679
15 79 738
15 80 874
15 81 817
15 82 753
15 83 732
15 84 724
15 85 714
15 86 708
15 87 733
15 88 782
15 89 797
15 90 932
15 91 888
15 92 854
15 93 838
15 94 822
15 95 815
15 96 812
15 97 835
15 98 867
15 99 902
16 17 97
16 18 176
16 19 291
16 20 620
16 21 510
16 22 418
16 23 316
16 24 224
16 25 151
16 26 115
16 27 146
16 28 229
16 29 322
16 30 648
16 31 568
16 32 459
16 33 390
16 34 294
16 35 213
16 36 221
16 37 240
16 38 282
16 39 384
16 40 684
16 41 584
16 42 509
16 43 419
16 44 363
16 45 329
16 46 312
16 47 335
16 48 350
16 49 433
16 50 727
16 51 673
16 52 576
16 53 501
16 54 464
16 55 405
16 56 416
16 57 392
16 58 439
16 59 493
16 60 797
16 61 734
16 62 641
16 63 600
16 64 543
16 65 517
16 66 510
16 67 525
16 68 559
16 69 584
16 70 864
16 71 781
16 72 724
16 73 675
16 74 646
16 75 621
16 76 604
16 77 619
16 78 633
16 79 684
16 80 939
16 81 873
16 82 799
16 83 767
16 84 744
16 85 720
16 86 697
16 87 705
16 88 740
16 89 746
16 90 994
16 91 941
16 92 898
16 93 869
16 94 839
16 95 820
16 96 799
16 97 811
16 98 832
16 99 856
17 18 80
17 19 195
17 20 715
17 21 604
17 22 512
17 23 407
17 24 311
17 25 231
17 26 146
17 27 103
17 28 148
17 29 232
17 30 738
17 31 658
17 32 544
17 33 471
17 34 367
17 35 268
17 36 245
17 37 208
17 38 219
17 39 308
17 40 771
17 41 665
17 42 588
17 43 489
17 44 421
17 45 364
17 46 323
17 47 315
17 48 304
17 49 370
17 50 807
17 51 746
17 52 644
17 53 560
17 54 509
17 55 433
17 56 424
17 57 376
17 58 402
17 59 440
17 60 870
17 61 801
17 62 701
17 63 652
17 64 583
17 65 539
17 66 514
17 67 512
17 68 527
17 69 538
17 70 932
17 71 843
17 72 778
17 73 720
17 74 679
17 75 641
17 76 606
17 77 607
17 78 604
17 79 647
17 80 1001
17 81 927
17 82 846
17 83 807
17 84 772
17 85 736
17 86 700
17 87 692
17 88 714
17 89 712
17 90 1053
17 91 992
17 92 943
17 93 903
17 94 862
17 95 835
17 96 798
17 97 801
17 98 810
17 99 824
18 19 115
18 20 793
18 21 680
18 22 588
18 23 482
18 24 384
18 25 302
18 26 202
18 27 120
18 28 99
18 29 162
18 30 812
18 31 731
18 32 615
18 33 540
18 34 432
18 35 325
18 36 284
18 37 209
18 38 183
18 39 250
18 40 841
18 41 733
18 42 654
18 43 549
18 44 474
18 45 404
18 46 348
18 47 315
18 48 281
18 49 325
18 50 872
18 51 806
18 52 702
18 53 612
18 54 552
18 55 466
18 56 441
18 57 375
18 58 381
18 59 403
18 60 930
18 61 858
18 62 752
18 63 698
18 64 621
18 65 565
18 66 525
18 67 509
18 68 507
18 69 505
18 70 988
18 71 895
18 72 824
18 73 760
18 74 711
18 75 662
18 76 614
18 77 603
18 78 586
18 79 621
18 80 1051
18 81 973
18 82 886
18 83 841
18 84 798
18 85 753
18 86 707
18 87 686
18 88 697
18 89 687
18 90 1101
18 91 1034
18 92 981
18 93 933
18 94 884
18 95 850
18 96 801
18 97 795
18 98 795
18 99 800
19 20 907
19 21 793
19 22 701
19 23 594
19 24 495
19 25 412
19 26 305
19 27 210
19 28 126
19 29 98
19 30 922
19 31 841
19 32 723
19 33 646
19 34 535
19 35 423
19 36 368
19 37 262
19 38 194
19 39 203
19 40 948
19 41 836
19 42 756
19 43 647
19 44 566
19 45 484
19 46 413
19 47 355
19 48 292
19 49 295
19 50 973
19 51 902
19 52 795
19 53 699
19 54 632
19 55 535
19 56 494
19 57 409
19 58 387
19 59 381
19 60 1025
19 61 949
19 62 837
19 63 778
19 64 693
19 65 623
19 66 567
19 67 532
19 68 507
19 69 484
19 70 1078
19 71 981
19 72 903
19 73 832
19 74 773
19 75 714
19 76 649
19 77 622
19 78 585
19 79 607
19 80 1134
19 81 1050
19 82 958
19 83 907
19 84 853
19 85 798
19 86 738
19 87 699
19 88 693
19 89 673
19 90 1181
19 91 1108
19 92 1049
19 93 992
19 94 932
19 95 890
19 96 824
19 97 807
19 98 793
19 99 784
20 21 120
20 22 208
20 23 318
20 24 417
20 25 499
20 26 615
20 27 713
20 28 815
20 29 912
20 30 125
20 31 139
20 32 240
20 33 313
20 34 416
20 35 525
20 36 608
20 37 734
20 38 823
20 39 935
20 40 203
20 41 249
20 42 285
20 43 379
20 44 463
20 45 565
20 46 649
20 47 747
20 48 827
20 49 936
20 50 313
20 51 367
20 52 385
20 53 448
20 54 524
20 55 602
20 56 687
20 57 763
20 58 860
20 59 951
20 60 427
20 61 440
20 62 470
20 63 516
20 64 572
20 65 661
20 66 743
20 67 826
20 68 921
20 69 996
20 70 517
20 71 514
20 72 554
20 73 596
20 74 656
20 75 720
20 76 800
20 77 878
20 78 960
20 79 1035
20 80 628
20 81 639
20 82 647
20 83 682
20 84 744
20 85 797
20 86 858
20 87 941
20 88 1028
20 89 1072
20 90 693
20 91 712
20 92 728
20 93 781
20 94 834
20 95 874
20 96 948
20 97 1007
20 98 1080
20 99 1150
21 22 92
21 23 200
21 24 300
21 25 383
21 26 497
21 27 596
21 28 698
21 29 795
21 30 151
21 31 92
21 32 131
21 33 196
21 34 297
21 35 406
21 36 488
21 37 615
21 38 704
21 39 816
21 40 215
21 41 193
21 42 196
21 43 270
21 44 349
21 45 448
21 46 531
21 47 628
21 48 707
21 49 816
21 50 307
21 51 325
21 52 311
21 53 352
21 54 420
21 55 489
21 56 573
21 57 646
21 58 742
21 59 832
21 60 416
21 61 404
21 62 403
21 63 435
21 64 476
21 65 557
21 66 634
21 67 714
21 68 806
21 69 879
21 70 505
21 71 478
21 72 495
21 73 521
21 74 570
21 75 624
21 76 696
21 77 770
21 78 848
21 79 922
21 80 612
21 81 602
21 82 591
21 83 614
21 84 664
21 85 708
21 86 760
21 87 837
21 88 921
21 89 962
21 90 677
21 91 678
21 92 680
21 93 718
21 94 759
21 95 791
21 96 854
21 97 909
21 98 977
21 99 1044
22 23 110
22 24 209
22 25 292
22 26 407
22 27 505
22 28 607
22 29 705
22 30 235
22 31 161
22 32 111
22 33 138
22 34 219
22 35 321
22 36 404
22 37 528
22 38 616
22 39 729
22 40 287
22 41 227
22 42 194
22 43 225
22 44 287
22 45 377
22 46 455
22 47 549
22 48 624
22 49 733
22 50 363
22 51 356
22 52 312
22 53 324
22 54 375
22 55 428
22 56 508
22 57 571
22 58 665
22 59 754
22 60 463
22 61 434
22 62 405
22 63 420
22 64 442
22 65 509
22 66 576
22 67 650
22 68 738
22 69 806
22 70 548
22 71 503
22 72 502
22 73 511
22 74 545
22 75 587
22 76 647
22 77 714
22 78 785
22 79 858
22 80 649
22 81 625
22 82 597
22 83 609
22 84 645
22 85 677
22 86 718
22 87 786
22 88 865
22 89 901
22 90 714
22 91 700
22 92 692
22 93 716
22 94 743
22 95 766
22 96 816
22 97 865
22 98 927
22 99 989
23 24 100
23 25 183
23 26 297
23 27 396
23 28 497
23 29 595
23 30 332
23 31 252
23 32 150
23 33 107
23 34 125
23 35 214
23 36 298
23 37 420
23 38 507
23 39 619
23 40 370
23 41 281
23 42 219
23 43 186
23 44 214
23 45 287
23 46 356
23 47 447
23 48 518
23 49 626
23 50 426
23 51 393
23 52 321
23 53 295
23 54 320
23 55 349
23 56 420
23 57 473
23 58 565
23 59 650
23 60 512
23 61 466
23 62 407
23 63 401
23 64 397
23 65 443
23 66 498
23 67 564
23 68 645
23 69 709
23 70 590
23 71 527
23 72 503
23 73 492
23 74 507
23 75 532
23 76 576
23 77 635
23 78 697
23 79 768
23 80 682
23 81 640
23 82 594
23 83 592
23 84 610
23 85 628
23 86 654
23 87 712
23 88 784
23 89 815
23 90 744
23 91 715
23 92 694
23 93 701
23 94 711
23 95 723
23 96 756
23 97 798
23 98 853
23 99 908
24 25 83
24 26 198
24 27 296
24 28 398
24 29 496
24 30 428
24 31 347
24 32 235
24 33 167
24 34 98
24 35 129
24 36 211
24 37 325
24 38 410
24 39 523
24 40 461
24 41 361
24 42 288
24 43 214
24 44 196
24 45 232
24 46 282
24 47 364
24 48 428
24 49 535
24 50 505
24 51 457
24 52 369
24 53 314
24 54 310
24 55 305
24 56 363
24 57 398
24 58 484
24 59 565
24 60 580
24 61 523
24 62 445
24 63 421
24 64 393
24 65 412
24 66 449
24 67 503
24 68 574
24 69 631
24 70 652
24 71 578
24 72 536
24 73 507
24 74 504
24 75 510
24 76 535
24 77 583
24 78 633
24 79 701
24 80 736
24 81 681
24 82 621
24 83 606
24 84 608
24 85 610
24 86 621
24 87 664
24 88 727
24 89 752
24 90 794
24 91 753
24 92 722
24 93 713
24 94 708
24 95 709
24 96 724
24 97 758
24 98 803
24 99 851
25 26 116
25 27 214
25 28 315
25 29 413
25 30 510
25 31 429
25 32 314
25 33 241
25 34 143
25 35 92
25 36 154
25 37 252
25 38 332
25 39 444
25 40 540
25 41 435
25 42 359
25 43 268
25 44 221
25 45 217
25 46 240
25 47 306
25 48 360
25 49 463
25 50 578
25 51 522
25 52 426
25 53 356
25 54 330
25 55 296
25 56 334
25 57 349
25 58 425
25 59 501
25 60 646
25 61 583
25 62 493
25 63 458
25 64 412
25 65 408
25 66 426
25 67 467
25 68 527
25 69 575
25 70 714
25 71 632
25 72 580
25 73 538
25 74 520
25 75 511
25 76 518
25 77 553
25 78 591
25 79 655
25 80 790
25 81 728
25 82 659
25 83 634
25 84 623
25 85 612
25 86 608
25 87 637
25 88 691
25 89 710
25 90 847
25 91 797
25 92 759
25 93 739
25 94 721
25 95 713
25 96 712
25 97 737
25 98 774
25 99 813
26 27 99
26 28 201
26 29 298
26 30 620
26 31 538
26 32 419
26 33 341
26 34 231
26 35 123
26 36 108
26 37 147
26 38 218
26 39 330
26 40 644
26 41 532
26 42 453
26 43 347
26 44 275
26 45 221
26 46 198
26 47 227
26 48 260
26 49 357
26 50 671
26 51 604
26 52 501
26 53 414
26 54 364
26 55 295
26 56 301
26 57 281
26 58 339
26 59 405
26 60 728
26 61 658
26 62 555
26 63 506
26 64 439
26 65 405
26 66 395
26 67 413
26 68 453
26 69 488
26 70 788
26 71 698
26 72 632
26 73 575
26 74 539
26 75 508
26 76 489
26 77 506
26 78 525
26 79 580
26 80 855
26 81 782
26 82 701
26 83 664
26 84 635
26 85 607
26 86 583
26 87 592
26 88 631
26 89 641
26 90 907
26 91 846
26 92 799
26 93 763
26 94 728
26 95 707
26 96 684
26 97 697
26 98 721
26 99 749
27 28 102
27 29 200
27 30 718
27 31 637
27 32 517
27 33 438
27 34 326
27 35 213
27 36 164
27 37 106
27 38 136
27 39 243
27 40 741
27 41 627
27 42 547
27 43 438
27 44 358
27 45 284
27 46 229
27 47 212
27 48 207
27 49 287
27 50 764
27 51 693
27 52 587
27 53 494
27 54 432
27 55 346
27 56 326
27 57 273
27 58 302
27 59 349
27 60 816
27 61 742
27 62 633
27 63 578
27 64 501
27 65 446
27 66 414
27 67 409
27 68 426
27 69 443
27 70 872
27 71 777
27 72 704
27 73 639
27 74 591
27 75 546
27 76 506
27 77 504
27 78 503
27 79 548
27 80 932
27 81 853
27 82 766
27 83 721
27 84 680
27 85 639
27 86 599
27 87 589
27 88 613
27 89 612
27 90 981
27 91 914
27 92 861
27 93 814
27 94 768
27 95 737
27 96 696
27 97 698
27 98 708
27 99 723
28 29 98
28 30 819
28 31 738
28 32 616
28 33 537
28 34 424
28 35 309
28 36 247
28 37 136
28 38 86
28 39 159
28 40 839
28 41 724
28 42 643
28 43 530
28 44 446
28 45 360
28 46 287
28 47 234
28 48 185
28 49 227
28 50 857
28 51 782
28 52 675
28 53 577
28 54 507
28 55 409
28 56 370
28 57 291
28 58 286
28 59 304
28 60 904
28 61 827
28 62 714
28 63 653
28 64 568
28 65 498
28 66 447
28 67 420
28 68 411
28 69 406
28 70 955
28 71 857
28 72 778
28 73 706
28 74 648
28 75 591
28 76 532
28 77 513
28 78 490
28 79 523
28 80 1010
28 81 925
28 82 833
28 83 781
28 84 730
28 85 677
28 86 623
28 87 594
28 88 600
28 89 589
28 90 1055
28 91 982
28 92 924
28 93 868
28 94 810
28 95 771
28 96 713
28 97 703
28 98 699
28 99 701
29 30 914
29 31 833
29 32 711
29 33 631
29 34 518
29 35 402
29 36 334
29 37 209
29 38 122
29 39 105
29 40 933
29 41 816
29 42 734
29 43 620
29 44 532
29 45 439
29 46 358
29 47 283
29 48 207
29 49 197
29 50 947
29 51 868
29 52 759
29 53 658
29 54 583
29 55 479
29 56 426
29 57 332
29 58 296
29 59 283
29 60 988
29 61 908
29 62 792
29 63 727
29 64 637
29 65 555
29 66 490
29 67 446
29 68 413
29 69 386
29 70 1035
29 71 934
29 72 850
29 73 773
29 74 707
29 75 641
29 76 568
29 77 533
29 78 490
29 79 509
29 80 1084
29 81 994
29 82 898
29 83 842
29 84 781
29 85 720
29 86 653
29 87 608
29 88 598
29 89 576
29 90 1126
29 91 1048
29 92 985
29 93 921
29 94 854
29 95 808
29 96 735
29 97 715
29 98 697
29 99 686
30 31 81
30 32 204
30 33 285
30 34 399
30 35 514
30 36 591
30 37 722
30 38 814
30 39 923
30 40 78
30 41 149
30 42 212
30 43 325
30 44 419
30 45 525
30 46 615
30 47 716
30 48 802
30 49 911
30 50 188
30 51 248
30 52 287
30 53 368
30 54 455
30 55 547
30 56 635
30 57 722
30 58 821
30 59 915
30 60 302
30 61 319
30 62 363
30 63 418
30 64 488
30 65 588
30 66 678
30 67 766
30 68 867
30 69 948
30 70 391
30 71 392
30 72 440
30 73 492
30 74 561
30 75 634
30 76 724
30 77 807
30 78 897
30 79 973
30 80 502
30 81 516
30 82 530
30 83 571
30 84 641
30 85 702
30 86 772
30 87 864
30 88 956
30 89 1004
30 90 568
30 91 588
30 92 607
30 93 666
30 94 727
30 95 772
30 96 856
30 97 920
30 98 999
30 99 1074
31 32 125
31 33 205
31 34 318
31 35 433
31 36 511
31 37 642
31 38 734
31 39 843
31 40 126
31 41 114
31 42 149
31 43 253
31 44 345
31 45 450
31 46 539
31 47 640
31 48 724
31 49 833
31 50 215
31 51 241
31 52 247
31 53 311
31 54 392
31 55 477
31 56 565
31 57 648
31 58 747
31 59 840
31 60 325
31 61 319
31 62 334
31 63 377
31 64 435
31 65 528
31 66 614
31 67 700
31 68 798
31 69 877
31 70 414
31 71 393
31 72 421
31 73 459
31 74 518
31 75 583
31 76 666
31 77 746
31 78 832
31 79 908
31 80 522
31 81 518
31 82 515
31 83 546
31 84 605
31 85 659
31 86 721
31 87 807
31 88 896
31 89 942
31 90 588
31 91 593
31 92 601
31 93 647
31 94 697
31 95 735
31 96 810
31 97 870
31 98 944
31 99 1017
32 33 81
32 34 194
32 35 310
32 36 387
32 37 517
32 38 610
32 39 719
32 40 227
32 41 132
32 42 83
32 43 139
32 44 224
32 45 328
32 46 415
32 47 516
32 48 600
32 49 709
32 50 276
32 51 251
32 52 201
32 53 223
32 54 289
32 55 362
32 56 448
32 57 527
32 58 625
32 59 717
32 60 365
32 61 328
32 62 294
32 63 313
32 64 346
32 65 426
32 66 504
32 67 586
32 68 681
32 69 757
32 70 447
32 71 395
32 72 391
32 73 402
32 74 443
32 75 494
32 76 565
32 77 640
32 78 720
32 79 795
32 80 544
32 81 515
32 82 486
32 83 499
32 84 540
32 85 579
32 86 629
32 87 706
32 88 791
32 89 833
32 90 608
32 91 590
32 92 581
32 93 606
32 94 638
32 95 665
32 96 723
32 97 778
32 98 846
32 99 913
33 34 114
33 35 230
33 36 306
33 37 437
33 38 529
33 39 638
33 40 303
33 41 194
33 42 121
33 43 89
33 44 153
33 45 252
33 46 337
33 47 437
33 48 520
33 49 629
33 50 338
33 51 292
33 52 214
33 53 194
33 54 238
33 55 294
33 56 377
33 57 451
33 58 548
33 59 639
33 60 414
33 61 362
33 62 300
33 63 298
33 64 307
33 65 371
33 66 441
33 67 518
33 68 610
33 69 683
33 70 489
33 71 421
33 72 396
33 73 389
33 74 413
33 75 449
33 76 509
33 77 578
33 78 653
33 79 727
33 80 577
33 81 533
33 82 488
33 83 489
33 84 515
33 85 541
33 86 580
33 87 649
33 88 729
33 89 768
33 90 638
33 91 608
33 92 587
33 93 598
33 94 615
33 95 633
33 96 678
33 97 727
33 98 790
33 99 853
34 35 116
34 36 193
34 37 323
34 38 416
34 39 525
34 40 415
34 41 302
34 42 222
34 43 125
34 44 100
34 45 162
34 46 236
34 47 332
34 48 411
34 49 520
34 50 441
34 51 379
34 52 283
34 53 218
34 54 214
34 55 225
34 56 295
34 57 353
34 58 447
34 59 536
34 60 504
34 61 440
34 62 353
34 63 325
34 64 296
34 65 324
34 66 373
34 67 439
34 68 522
34 69 588
34 70 570
34 71 489
34 72 442
34 73 410
34 74 407
34 75 419
34 76 454
34 77 510
34 78 573
34 79 644
34 80 648
34 81 588
34 82 525
34 83 508
34 84 511
34 85 517
34 86 535
34 87 588
34 88 659
34 89 690
34 90 705
34 91 659
34 92 626
34 93 616
34 94 612
34 95 616
34 96 638
34 97 677
34 98 729
34 99 783
35 36 84
35 37 210
35 38 301
35 39 411
35 40 531
35 41 415
35 42 334
35 43 225
35 44 153
35 45 125
35 46 155
35 47 235
35 48 304
35 49 412
35 50 550
35 51 481
35 52 378
35 53 292
35 54 250
35 55 205
35 56 243
35 57 269
35 58 354
35 59 438
35 60 605
35 61 534
35 62 433
35 63 388
35 64 330
35 65 318
35 66 335
35 67 379
35 68 446
35 69 502
35 70 665
35 71 575
35 72 512
35 73 462
35 74 436
35 75 421
35 76 426
35 77 463
35 78 507
35 79 573
35 80 733
35 81 662
35 82 586
35 83 554
35 84 536
35 85 521
35 86 516
35 87 547
35 88 604
35 89 626
35 90 786
35 91 728
35 92 685
35 93 657
35 94 633
35 95 622
35 96 620
35 97 646
35 98 684
35 99 727
36 37 131
36 38 224
36 39 332
36 40 602
36 41 483
36 42 402
36 43 286
36 44 199
36 45 120
36 46 93
36 47 154
36 48 221
36 49 329
36 50 613
36 51 535
36 52 428
36 53 331
36 54 268
36 55 189
36 56 196
36 57 195
36 58 274
36 59 355
36 60 657
36 61 581
36 62 470
36 63 414
36 64 339
36 65 298
36 66 290
36 67 317
36 68 373
36 69 422
36 70 710
36 71 614
36 72 540
36 73 477
36 74 434
36 75 401
36 76 384
36 77 407
36 78 439
36 79 501
36 80 768
36 81 689
36 82 603
36 83 562
36 84 528
36 85 499
36 86 477
36 87 493
36 88 540
36 89 557
36 90 817
36 91 751
36 92 699
36 93 658
36 94 621
36 95 599
36 96 580
36 97 596
36 98 626
36 99 661
37 38 94
37 39 202
37 40 733
37 41 613
37 42 532
37 43 415
37 44 324
37 45 230
37 46 152
37 47 108
37 48 113
37 49 212
37 50 740
37 51 659
37 52 551
37 53 449
37 54 374
37 55 274
37 56 235
37 57 169
37 58 200
37 59 258
37 60 779
37 61 699
37 62 583
37 63 520
37 64 432
37 65 362
37 66 317
37 67 305
37 68 322
37 69 345
37 70 826
37 71 726
37 72 643
37 73 570
37 74 512
37 75 457
37 76 406
37 77 400
37 78 398
37 79 446
37 80 876
37 81 790
37 82 696
37 83 645
37 84 594
37 85 546
37 86 499
37 87 484
37 88 507
37 89 509
37 90 921
37 91 846
37 92 787
37 93 732
37 94 677
37 95 642
37 96 594
37 97 593
37 98 602
37 99 619
38 39 113
38 40 827
38 41 707
38 42 626
38 43 509
38 44 418
38 45 321
38 46 237
38 47 163
38 48 101
38 49 152
38 50 834
38 51 752
38 52 643
38 53 540
38 54 462
38 55 357
38 56 305
38 57 215
38 58 200
38 59 223
38 60 871
38 61 790
38 62 672
38 63 606
38 64 515
38 65 435
38 66 373
38 67 339
38 68 326
38 69 323
38 70 916
38 71 814
38 72 728
38 73 651
38 74 586
38 75 522
38 76 455
38 77 431
38 78 404
38 79 438
38 80 962
38 81 873
38 82 776
38 83 721
38 84 662
38 85 604
38 86 544
38 87 510
38 88 515
38 89 504
38 90 1005
38 91 926
38 92 864
38 93 802
38 94 738
38 95 695
38 96 632
38 97 619
38 98 614
38 99 616
39 40 933
39 41 811
39 42 730
39 43 612
39 44 519
39 45 417
39 46 328
39 47 235
39 48 143
39 49 95
39 50 934
39 51 848
39 52 739
39 53 633
39 54 550
39 55 440
39 56 373
39 57 270
39 58 210
39 59 181
39 60 964
39 61 880
39 62 759
39 63 689
39 64 593
39 65 500
39 66 422
39 67 365
39 68 317
39 69 283
39 70 1003
39 71 898
39 72 807
39 73 724
39 74 651
39 75 575
39 76 490
39 77 445
39 78 392
39 79 406
39 80 1042
39 81 947
39 82 846
39 83 784
39 84 715
39 85 646
39 86 571
39 87 515
39 88 497
39 89 473
39 90 1080
39 91 995
39 92 928
39 93 856
39 94 781
39 95 729
39 96 646
39 97 620
39 98 597
39 99 582
40 41 124
40 42 203
40 43 322
40 44 417
40 45 523
40 46 615
40 47 716
40 48 805
40 49 913
40 50 111
40 51 185
40 52 246
40 53 342
40 54 433
40 55 533
40 56 622
40 57 715
40 58 815
40 59 909
40 60 225
40 61 248
40 62 309
40 63 373
40 64 454
40 65 560
40 66 655
40 67 746
40 68 849
40 69 934
40 70 314
40 71 320
40 72 377
40 73 438
40 74 514
40 75 594
40 76 692
40 77 779
40 78 873
40 79 949
40 80 425
40 81 443
40 82 464
40 83 511
40 84 587
40 85 655
40 86 732
40 87 829
40 88 924
40 89 976
40 90 490
40 91 514
40 92 536
40 93 601
40 94 668
40 95 718
40 96 811
40 97 878
40 98 960
40 99 1040
41 42 81
41 43 199
41 44 294
41 45 400
41 46 491
41 47 593
41 48 682
41 49 789
41 50 145
41 51 132
41 52 138
41 53 221
41 54 311
41 55 409
41 56 498
41 57 591
41 58 691
41 59 785
41 60 236
41 61 212
41 62 221
41 63 270
41 64 339
41 65 441
41 66 534
41 67 624
41 68 727
41 69 810
41 70 321
41 71 284
41 72 307
41 73 347
41 74 412
41 75 484
41 76 576
41 77 661
41 78 753
41 79 829
41 80 423
41 81 409
41 82 401
41 83 433
41 84 496
41 85 554
41 86 623
41 87 715
41 88 808
41 89 858
41 90 488
41 91 485
41 92 488
41 93 533
41 94 585
41 95 626
41 96 707
41 97 771
41 98 849
41 99 926
42 43 119
42 44 214
42 45 320
42 46 412
42 47 513
42 48 602
42 49 709
42 50 219
42 51 174
42 52 118
42 53 163
42 54 244
42 55 336
42 56 424
42 57 514
42 58 614
42 59 707
42 60 294
42 61 248
42 62 212
42 63 238
42 64 287
42 65 379
42 66 467
42 67 555
42 68 655
42 69 737
42 70 371
42 71 313
42 72 308
42 73 325
42 74 375
42 75 435
42 76 518
42 77 598
42 78 686
42 79 762
42 80 464
42 81 432
42 82 403
42 83 420
42 84 467
42 85 514
42 86 573
42 87 658
42 88 748
42 89 794
42 90 527
42 91 507
42 92 498
42 93 526
42 94 563
42 95 595
42 96 663
42 97 722
42 98 796
42 99 868
43 44 95
43 45 201
43 46 293
43 47 394
43 48 483
43 49 590
43 50 327
43 51 257
43 52 158
43 53 109
43 54 152
43 55 224
43 56 312
43 57 397
43 58 496
43 59 590
43 60 381
43 61 315
43 62 231
43 63 216
43 64 218
43 65 287
43 66 365
43 67 448
43 68 545
43 69 623
43 70 446
43 71 365
43 72 324
43 73 305
43 74 324
43 75 362
43 76 427
43 77 500
43 78 581
43 79 656
43 80 523
43 81 467
43 82 412
43 83 405
43 84 427
43 85 453
43 86 494
43 87 567
43 88 651
43 89 693
43 90 581
43 91 540
43 92 512
43 93 514
43 94 527
43 95 544
43 96 591
43 97 642
43 98 708
43 99 774
44 45 107
44 46 198
44 47 300
44 48 389
44 49 496
44 50 416
44 51 337
44 52 230
44 53 139
44 54 115
44 55 141
44 56 224
44 57 304
44 58 403
44 59 496
44 60 459
44 61 384
44 62 280
44 63 238
44 64 197
44 65 228
44 66 289
44 67 365
44 68 458
44 69 533
44 70 514
44 71 423
44 72 361
44 73 317
44 74 308
44 75 320
44 76 363
44 77 427
44 78 500
44 79 574
44 80 580
44 81 510
44 82 438
44 83 414
44 84 412
44 85 418
44 86 440
44 87 500
44 88 577
44 89 615
44 90 633
44 91 578
44 92 538
44 93 520
44 94 513
44 95 516
44 96 542
44 97 584
44 98 642
44 99 702
45 46 92
45 47 193
45 48 283
45 49 390
45 50 517
45 51 432
45 52 323
45 53 219
45 54 149
45 55 80
45 56 134
45 57 199
45 58 297
45 59 390
45 60 550
45 61 469
45 62 354
45 63 295
45 64 219
45 65 193
45 66 217
45 67 277
45 68 361
45 69 431
45 70 597
45 71 498
45 72 420
45 73 356
45 74 318
45 75 296
45 76 305
45 77 352
45 78 411
45 79 482
45 80 650
45 81 569
45 82 483
45 83 443
45 84 415
45 85 396
45 86 393
45 87 432
45 88 498
45 89 528
45 90 698
45 91 630
45 92 579
45 93 541
45 94 511
45 95 498
45 96 497
45 97 527
45 98 572
45 99 623
46 47 102
46 48 192
46 49 298
46 50 608
46 51 520
46 52 411
46 53 306
46 54 225
46 55 122
46 56 104
46 57 118
46 58 211
46 59 302
46 60 637
46 61 554
46 62 435
46 63 369
46 64 281
46 65 217
46 66 197
46 67 227
46 68 292
46 69 353
46 70 679
46 71 577
46 72 492
46 73 419
46 74 363
46 75 318
46 76 291
46 77 315
46 78 352
46 79 418
46 80 726
46 81 638
46 82 545
46 83 495
46 84 451
46 85 413
46 86 385
46 87 400
46 88 451
46 89 471
46 90 769
46 91 695
46 92 637
46 93 586
46 94 539
46 95 513
46 96 487
46 97 503
46 98 534
46 99 573
47 48 93
47 49 197
47 50 707
47 51 618
47 52 509
47 53 402
47 54 316
47 55 206
47 56 143
47 57 61
47 58 120
47 59 204
47 60 731
47 61 647
47 62 525
47 63 455
47 64 359
47 65 272
47 66 213
47 67 197
47 68 226
47 69 269
47 70 768
47 71 664
47 72 573
47 73 493
47 74 424
47 75 360
47 76 300
47 77 292
47 78 298
47 79 354
47 80 808
47 81 715
47 82 616
47 83 559
47 84 499
47 85 444
47 86 392
47 87 377
47 88 406
47 89 414
47 90 848
47 91 766
47 92 702
47 93 639
47 94 577
47 95 538
47 96 486
47 97 486
47 98 498
47 99 522
48 49 109
48 50 800
48 51 710
48 52 601
48 53 495
48 54 409
48 55 298
48 56 230
48 57 128
48 58 101
48 59 145
48 60 824
48 61 740
48 62 618
48 63 547
48 64 449
48 65 357
48 66 284
48 67 240
48 68 227
48 69 235
48 70 861
48 71 756
48 72 664
48 73 581
48 74 509
48 75 436
48 76 360
48 77 331
48 78 305
48 79 344
48 80 898
48 81 804
48 82 703
48 83 642
48 84 576
48 85 512
48 86 447
48 87 410
48 88 416
48 89 409
48 90 937
48 91 853
48 92 786
48 93 717
48 94 648
48 95 601
48 96 532
48 97 519
48 98 514
48 99 521
49 50 903
49 51 812
49 52 703
49 53 596
49 54 507
49 55 396
49 56 318
49 57 212
49 58 130
49 59 86
49 60 922
49 61 836
49 62 713
49 63 639
49 64 539
49 65 438
49 66 351
49 67 283
49 68 225
49 69 189
49 70 954
49 71 848
49 72 752
49 73 664
49 74 585
49 75 503
49 76 410
49 77 357
49 78 298
49 79 312
49 80 985
49 81 886
49 82 782
49 83 716
49 84 640
49 85 566
49 86 485
49 87 423
49 88 403
49 89 379
49 90 1019
49 91 930
49 92 859
49 93 781
49 94 701
49 95 645
49 96 556
49 97 527
49 98 502
49 99 489
50 51 104
50 52 202
50 53 310
50 54 402
50 55 511
50 56 597
50 57 697
50 58 795
50 59 889
50 60 114
50 61 146
50 62 235
50 63 309
50 64 403
50 65 515
50 66 614
50 67 708
50 68 813
50 69 902
50 70 204
50 71 214
50 72 284
50 73 358
50 74 443
50 75 531
50 76 638
50 77 728
50 78 828
50 79 903
50 80 314
50 81 333
50 82 364
50 83 419
50 84 503
50 85 580
50 86 666
50 87 769
50 88 868
50 89 923
50 90 380
50 91 403
50 92 430
50 93 501
50 94 577
50 95 633
50 96 735
50 97 807
50 98 894
50 99 978
51 52 109
51 53 216
51 54 306
51 55 416
51 56 500
51 57 603
51 58 700
51 59 793
51 60 125
51 61 79
51 62 131
51 63 205
51 64 300
51 65 413
51 66 513
51 67 606
51 68 713
51 69 801
51 70 197
51 71 152
51 72 193
51 73 257
51 74 340
51 75 427
51 76 534
51 77 624
51 78 725
51 79 800
51 80 293
51 81 278
51 82 282
51 83 327
51 84 405
51 85 478
51 86 562
51 87 665
51 88 764
51 89 819
51 90 358
51 91 353
51 92 361
51 93 418
51 94 484
51 95 536
51 96 634
51 97 705
51 98 791
51 99 874
52 53 108
52 54 199
52 55 309
52 56 394
52 57 496
52 58 593
52 59 687
52 60 229
52 61 157
52 62 94
52 63 132
52 64 208
52 65 317
52 66 414
52 67 507
52 68 613
52 69 700
52 70 288
52 71 209
52 72 190
52 73 212
52 74 274
52 75 349
52 76 446
52 77 534
52 78 631
52 79 707
52 80 367
52 81 320
52 82 285
52 83 303
52 84 359
52 85 416
52 86 487
52 87 583
52 88 678
52 89 731
52 90 426
52 91 395
52 92 380
52 93 408
52 94 451
52 95 489
52 96 569
52 97 634
52 98 715
52 99 794
53 54 93
53 55 201
53 56 287
53 57 388
53 58 486
53 59 579
53 60 331
53 61 250
53 62 141
53 63 108
53 64 124
53 65 220
53 66 313
53 67 405
53 68 509
53 69 595
53 70 379
53 71 284
53 72 224
53 73 197
53 74 221
53 75 273
53 76 356
53 77 439
53 78 532
53 79 608
53 80 441
53 81 372
53 82 307
53 83 297
53 84 321
53 85 356
53 86 410
53 87 496
53 88 588
53 89 636
53 90 494
53 91 442
53 92 408
53 93 406
53 94 421
53 95 442
53 96 502
53 97 559
53 98 633
53 99 707
54 55 111
54 56 195
54 57 298
54 58 394
54 59 488
54 60 416
54 61 331
54 62 210
54 63 146
54 64 83
54 65 137
54 66 224
54 67 313
54 68 417
54 69 502
54 70 454
54 71 352
54 72 272
54 73 212
54 74 193
54 75 212
54 76 277
54 77 354
54 78 443
54 79 519
54 80 503
54 81 421
54 82 337
54 83 304
54 84 298
54 85 308
54 86 342
54 87 417
54 88 504
54 89 550
54 90 549
54 91 483
54 92 435
54 93 409
54 94 398
54 95 403
54 96 441
54 97 490
54 98 557
54 99 626
55 56 89
55 57 187
55 58 285
55 59 379
55 60 527
55 61 441
55 62 319
55 63 250
55 64 159
55 65 113
55 66 149
55 67 225
55 68 321
55 69 401
55 70 563
55 71 459
55 72 371
55 73 297
55 74 246
55 75 217
55 76 230
55 77 287
55 78 359
55 79 433
55 80 605
55 81 516
55 82 423
55 83 376
55 84 340
55 85 317
55 86 315
55 87 363
55 88 437
55 89 474
55 90 648
55 91 573
55 92 516
55 93 470
55 94 434
55 95 418
55 96 420
55 97 453
55 98 504
55 99 561
56 57 106
56 58 200
56 59 293
56 60 607
56 61 520
56 62 396
56 63 321
56 64 221
56 65 130
56 66 94
56 67 143
56 68 234
56 69 312
56 70 636
56 71 530
56 72 435
56 73 351
56 74 282
56 75 221
56 76 188
56 77 220
56 78 278
56 79 350
56 80 669
56 81 574
56 82 474
56 83 416
56 84 359
56 85 313
56 86 281
56 87 303
56 88 365
56 89 395
56 90 707
56 91 624
56 92 560
56 93 498
56 94 442
56 95 411
56 96 384
56 97 403
56 98 441
56 99 489
57 58 99
57 59 193
57 60 712
57 61 625
57 62 501
57 63 427
57 64 328
57 65 230
57 66 158
57 67 136
57 68 178
57 69 235
57 70 743
57 71 636
57 72 541
57 73 456
57 74 381
57 75 309
57 76 241
57 77 232
57 78 245
57 79 305
57 80 775
57 81 678
57 82 577
57 83 515
57 84 449
57 85 389
57 86 332
57 87 317
57 88 349
57 89 362
57 90 811
57 91 726
57 92 659
57 93 590
57 94 523
57 95 480
57 96 426
57 97 425
57 98 440
57 99 468
58 59 94
58 60 806
58 61 719
58 62 594
58 63 518
58 64 417
58 65 311
58 66 221
58 67 155
58 68 126
58 69 150
58 70 833
58 71 725
58 72 627
58 73 538
58 74 456
58 75 373
58 76 281
58 77 237
58 78 205
58 79 246
58 80 859
58 81 758
58 82 654
58 83 587
58 84 510
58 85 437
58 86 361
58 87 313
58 88 315
58 89 310
58 90 891
58 91 801
58 92 730
58 93 651
58 94 572
58 95 519
58 96 440
58 97 421
58 98 414
58 99 422
59 60 898
59 61 810
59 62 685
59 63 609
59 64 507
59 65 398
59 66 303
59 67 222
59 68 145
59 69 104
59 70 922
59 71 814
59 72 714
59 73 623
59 74 538
59 75 450
59 76 347
59 77 284
59 78 214
59 79 226
59 80 944
59 81 841
59 82 735
59 83 665
59 84 583
59 85 502
59 86 414
59 87 344
59 88 317
59 89 293
59 90 973
59 91 880
59 92 806
59 93 722
59 94 635
59 95 575
59 96 479
59 97 445
59 98 417
59 99 403
60 61 89
60 62 213
60 63 291
60 64 393
60 65 506
60 66 607
60 67 700
60 68 806
60 69 897
60 70 90
60 71 125
60 72 222
60 73 311
60 74 404
60 75 500
60 76 613
60 77 705
60 78 810
60 79 883
60 80 200
60 81 229
60 82 281
60 83 348
60 84 444
60 85 530
60 86 625
60 87 735
60 88 836
60 89 895
60 90 266
60 91 295
60 92 331
60 93 415
60 94 504
60 95 568
60 96 682
60 97 758
60 98 850
60 99 938
61 62 125
61 63 203
61 64 305
61 65 417
61 66 518
61 67 611
61 68 717
61 69 808
61 70 131
61 71 74
61 72 142
61 73 226
61 74 318
61 75 412
61 76 525
61 77 617
61 78 721
61 79 795
61 80 217
61 81 200
61 82 218
61 83 275
61 84 365
61 85 447
61 86 540
61 87 648
61 88 749
61 89 808
61 90 280
61 91 274
61 92 289
61 93 356
61 94 433
61 95 492
61 96 601
61 97 676
61 98 766
61 99 853
62 63 79
62 64 180
62 65 293
62 66 394
62 67 487
62 68 594
62 69 684
62 70 244
62 71 144
62 72 97
62 73 129
62 74 209
62 75 297
62 76 406
62 77 497
62 78 600
62 79 675
62 80 300
62 81 236
62 82 192
62 83 213
62 84 279
62 85 347
62 86 431
62 87 535
62 88 634
62 89 691
62 90 354
62 91 309
62 92 288
62 93 316
62 94 365
62 95 410
62 96 503
62 97 573
62 98 659
62 99 743
63 64 102
63 65 215
63 66 315
63 67 409
63 68 515
63 69 606
63 70 315
63 71 209
63 72 126
63 73 91
63 74 142
63 75 223
63 76 329
63 77 420
63 78 522
63 79 597
63 80 357
63 81 275
63 82 201
63 83 191
63 84 229
63 85 284
63 86 359
63 87 460
63 88 558
63 89 614
63 90 403
63 91 341
63 92 301
63 93 299
63 94 325
63 95 358
63 96 438
63 97 505
63 98 588
63 99 670
64 65 113
64 66 214
64 67 308
64 68 414
64 69 504
64 70 416
64 71 309
64 72 215
64 73 139
64 74 111
64 75 149
64 76 239
64 77 326
64 78 425
64 79 501
64 80 449
64 81 358
64 82 265
64 83 225
64 84 216
64 85 235
64 86 286
64 87 376
64 88 471
64 89 523
64 90 490
64 91 414
64 92 360
64 93 327
64 94 316
64 95 326
64 96 378
64 97 435
64 98 511
64 99 587
65 66 101
65 67 194
65 68 301
65 69 391
65 70 524
65 71 416
65 72 316
65 73 227
65 74 152
65 75 104
65 76 140
65 77 220
65 78 314
65 79 390
65 80 547
65 81 448
65 82 346
65 83 286
65 84 234
65 85 204
65 86 212
65 87 280
65 88 368
65 89 416
65 90 581
65 91 495
65 92 430
65 93 370
65 94 323
65 95 305
65 96 314
65 97 357
65 98 421
65 99 489
66 67 94
66 68 200
66 69 291
66 70 623
66 71 514
66 72 412
66 73 320
66 74 235
66 75 153
66 76 94
66 77 138
66 78 219
66 79 295
66 80 641
66 81 538
66 82 433
66 83 365
66 84 292
66 85 231
66 86 188
66 87 215
66 88 288
66 89 328
66 90 671
66 91 579
66 92 508
66 93 434
66 94 365
66 95 325
66 96 290
66 97 311
66 98 356
66 99 412
67 68 106
67 69 197
67 70 715
67 71 606
67 72 503
67 73 409
67 74 320
67 75 229
67 76 127
67 77 95
67 78 135
67 79 209
67 80 728
67 81 623
67 82 516
67 83 444
67 84 361
67 85 283
67 86 207
67 87 181
67 88 224
67 89 252
67 90 754
67 91 659
67 92 585
67 93 501
67 94 418
67 95 364
67 96 293
67 97 289
67 98 309
67 99 348
68 69 92
68 70 820
68 71 711
68 72 607
68 73 513
68 74 422
68 75 327
68 76 216
68 77 141
68 78 79
68 79 128
68 80 829
68 81 723
68 82 616
68 83 541
68 84 452
68 85 366
68 86 272
68 87 199
68 88 189
68 89 188
68 90 853
68 91 755
68 92 679
68 93 588
68 94 496
68 95 432
68 96 333
68 97 303
68 98 288
68 99 298
69 70 912
69 71 803
69 72 699
69 73 605
69 74 514
69 75 419
69 76 306
69 77 225
69 78 131
69 79 124
69 80 921
69 81 815
69 82 707
69 83 632
69 84 541
69 85 453
69 86 354
69 87 265
69 88 221
69 89 190
69 90 944
69 91 845
69 92 768
69 93 675
69 94 579
69 95 512
69 96 402
69 97 358
69 98 319
69 99 300
70 71 109
70 72 214
70 73 309
70 74 403
70 75 500
70 76 616
70 77 708
70 78 815
70 79 885
70 80 111
70 81 163
70 82 243
70 83 319
70 84 420
70 85 513
70 86 614
70 87 727
70 88 828
70 89 890
70 90 177
70 91 217
70 92 268
70 93 365
70 94 465
70 95 535
70 96 659
70 97 738
70 98 832
70 99 923
71 72 106
71 73 201
71 74 295
71 75 392
71 76 508
71 77 600
71 78 707
71 79 778
71 80 159
71 81 126
71 82 156
71 83 225
71 84 322
71 85 411
71 86 510
71 87 622
71 88 723
71 89 785
71 90 217
71 91 201
71 92 216
71 93 292
71 94 379
71 95 444
71 96 561
71 97 639
71 98 732
71 99 822
72 73 95
72 74 189
72 75 287
72 76 402
72 77 494
72 78 601
72 79 672
72 80 235
72 81 150
72 82 96
72 83 135
72 84 223
72 85 308
72 86 405
72 87 516
72 88 618
72 89 679
72 90 278
72 91 218
72 92 191
72 93 227
72 94 293
72 95 350
72 96 461
72 97 537
72 98 629
72 99 718
73 74 95
73 75 192
73 76 307
73 77 399
73 78 506
73 79 577
73 80 321
73 81 223
73 82 127
73 83 100
73 84 149
73 85 222
73 86 314
73 87 423
73 88 525
73 89 585
73 90 355
73 91 276
73 92 223
73 93 209
73 94 238
73 95 281
73 96 378
73 97 451
73 98 540
73 99 627
74 75 97
74 76 213
74 77 305
74 78 412
74 79 483
74 80 408
74 81 304
74 82 198
74 83 134
74 84 104
74 85 142
74 86 223
74 87 330
74 88 431
74 89 491
74 90 436
74 91 345
74 92 278
74 93 224
74 94 205
74 95 222
74 96 296
74 97 365
74 98 451
74 99 536
75 76 116
75 77 207
75 78 315
75 79 385
75 80 502
75 81 396
75 82 288
75 83 216
75 84 140
75 85 101
75 86 139
75 87 238
75 88 337
75 89 395
75 90 526
75 91 431
75 92 357
75 93 281
75 94 222
75 95 202
75 96 230
75 97 287
75 98 366
75 99 447
76 77 92
76 78 199
76 79 271
76 80 617
76 81 510
76 82 402
76 83 326
76 84 237
76 85 156
76 86 94
76 87 141
76 88 232
76 89 285
76 90 638
76 91 540
76 92 463
76 93 375
76 94 291
76 95 241
76 96 196
76 97 223
76 98 281
76 99 350
77 78 108
77 79 178
77 80 706
77 81 598
77 82 490
77 83 412
77 84 318
77 85 228
77 86 131
77 87 86
77 88 151
77 89 197
77 90 725
77 91 624
77 92 545
77 93 450
77 94 355
77 95 292
77 96 202
77 97 194
77 98 221
77 99 275
78 79 76
78 80 814
78 81 705
78 82 597
78 83 520
78 84 424
78 85 332
78 86 229
78 87 135
78 88 111
78 89 119
78 90 832
78 91 730
78 92 651
78 93 553
78 94 453
78 95 383
78 96 271
78 97 231
78 98 209
78 99 224
79 80 880
79 81 771
79 82 663
79 83 585
79 84 486
79 85 392
79 86 286
79 87 178
79 88 104
79 89 67
79 90 895
79 91 792
79 92 711
79 93 610
79 94 505
79 95 431
79 96 306
79 97 249
79 98 197
79 99 178
80 81 110
80 82 217
80 83 296
80 84 397
80 85 493
80 86 598
80 87 712
80 88 812
80 89 877
80 90 66
80 91 127
80 92 198
80 93 308
80 94 417
80 95 494
80 96 626
80 97 706
80 98 803
80 99 896
81 82 108
81 83 186
81 84 287
81 85 383
81 86 489
81 87 602
81 88 702
81 89 767
81 90 133
81 91 76
81 92 104
81 93 205
81 94 311
81 95 387
81 96 517
81 97 597
81 98 694
81 99 787
82 83 80
82 84 182
82 85 277
82 86 382
82 87 496
82 88 597
82 89 661
82 90 238
82 91 150
82 92 101
82 93 138
82 94 224
82 95 293
82 96 418
82 97 497
82 98 592
82 99 685
83 84 102
83 85 197
83 86 303
83 87 416
83 88 517
83 89 581
83 90 312
83 91 215
83 92 144
83 93 109
83 94 158
83 95 219
83 96 340
83 97 419
83 98 514
83 99 606
84 85 96
84 86 202
84 87 315
84 88 415
84 89 480
84 90 409
84 91 306
84 92 227
84 93 141
84 94 101
84 95 131
84 96 240
84 97 317
84 98 412
84 99 503
85 86 106
85 87 220
85 88 320
85 89 384
85 90 504
85 91 400
85 92 320
85 93 223
85 94 135
85 95 101
85 96 156
85 97 229
85 98 321
85 99 411
86 87 114
86 88 215
86 89 278
86 90 610
86 91 506
86 92 425
86 93 325
86 94 225
86 95 160
86 96 104
86 97 149
86 98 229
86 99 314
87 88 102
87 89 165
87 90 723
87 91 618
87 92 537
87 93 433
87 94 328
87 95 254
87 96 137
87 97 109
87 98 142
87 99 211
88 89 66
88 90 822
88 91 716
88 92 634
88 93 528
88 94 419
88 95 342
88 96 211
88 97 147
88 98 100
88 99 125
89 90 887
89 91 781
89 92 700
89 93 594
89 94 485
89 95 408
89 96 276
89 97 208
89 98 139
89 99 112
90 91 108
90 92 190
90 93 301
90 94 413
90 95 492
90 96 627
90 97 707
90 98 804
90 99 898
91 92 82
91 93 193
91 94 305
91 95 384
91 96 520
91 97 599
91 98 696
91 99 791
92 93 112
92 94 224
92 95 302
92 96 438
92 97 517
92 98 614
92 99 709
93 94 112
93 95 192
93 96 328
93 97 407
93 98 504
93 99 598
94 95 79
94 96 216
94 97 295
94 98 391
94 99 486
95 96 136
95 97 216
95 98 312
95 99 407
96 97 80
96 98 177
96 99 271
97 98 97
97 99 191
98 99 95
