100 4950
0 1 131
0 2 305
0 3 348
0 4 58
0 5 108
0 6 335
0 7 355
0 8 76
0 9 126
0 10 342
0 11 365
0 12 33
0 13 154
0 14 313
0 15 354
0 16 82
0 17 46
0 18 317
0 19 371
0 20 74
0 21 115
0 22 322
0 23 390
0 24 108
0 25 90
0 26 327
0 27 333
0 28 65
0 29 106
0 30 279
0 31 338
0 32 87
0 33 105
0 34 337
0 35 337
0 36 94
0 37 100
0 38 329
0 39 397
0 40 92
0 41 158
0 42 301
0 43 368
0 44 122
0 45 97
0 46 300
0 47 321
0 48 87
0 49 98
0 50 334
0 51 385
0 52 69
0 53 179
0 54 329
0 55 339
0 56 80
0 57 79
0 58 342
0 59 323
0 60 86
0 61 159
0 62 303
0 63 399
0 64 69
0 65 118
0 66 346
0 67 401
0 68 48
0 69 82
0 70 337
0 71 367
0 72 69
0 73 140
0 74 319
0 75 330
0 76 105
0 77 93
0 78 281
0 79 319
0 80 71
0 81 92
0 82 317
0 83 359
0 84 62
0 85 64
0 86 320
0 87 369
0 88 61
0 89 118
0 90 349
0 91 329
0 92 54
0 93 107
0 94 325
0 95 346
0 96 111
0 97 163
0 98 345
0 99 371
1 2 422
1 3 348
1 4 154
1 5 66
1 6 455
1 7 358
1 8 206
1 9 17
1 10 458
1 11 367
1 12 128
1 13 62
1 14 425
1 15 350
1 16 213
1 17 103
1 18 434
1 19 372
1 20 200
1 21 20
1 22 437
1 23 370
1 24 206
1 25 51
1 26 438
1 27 327
1 28 194
1 29 83
1 30 399
1 31 321
1 32 204
1 33 43
1 34 451
1 35 311
1 36 226
1 37 81
1 38 443
1 39 379
1 40 211
1 41 34
1 42 413
1 43 354
1 44 252
1 45 41
1 46 414
1 47 306
1 48 168
1 49 36
1 50 456
1 51 372
1 52 195
1 53 49
1 54 438
1 55 351
1 56 210
1 57 54
1 58 461
1 59 308
1 60 180
1 61 68
1 62 423
1 63 369
1 64 164
1 65 75
1 66 455
1 67 392
1 68 179
1 69 49
1 70 456
1 71 351
1 72 191
1 73 42
1 74 438
1 75 326
1 76 203
1 77 46
1 78 397
1 79 300
1 80 199
1 81 45
1 82 426
1 83 359
1 84 163
1 85 71
1 86 427
1 87 377
1 88 176
1 89 16
1 90 461
1 91 333
1 92 124
1 93 45
1 94 434
1 95 346
1 96 243
1 97 32
1 98 465
1 99 361
2 3 375
2 4 268
2 5 369
2 6 33
2 7 372
2 8 235
2 9 411
2 10 39
2 11 379
2 12 296
2 13 457
2 14 30
2 15 386
2 16 231
2 17 319
2 18 13
2 19 387
2 20 230
2 21 403
2 22 22
2 23 438
2 24 219
2 25 372
2 26 46
2 27 379
2 28 270
2 29 355
2 30 29
2 31 403
2 32 220
2 33 383
2 34 41
2 35 420
2 36 229
2 37 353
2 38 32
2 39 439
2 40 214
2 41 438
2 42 33
2 43 416
2 44 196
2 45 397
2 46 24
2 47 391
2 48 258
2 49 395
2 50 43
2 51 422
2 52 236
2 53 464
2 54 51
2 55 345
2 56 232
2 57 370
2 58 39
2 59 391
2 60 243
2 61 463
2 62 14
2 63 464
2 64 259
2 65 422
2 66 64
2 67 421
2 68 268
2 69 376
2 70 34
2 71 416
2 72 236
2 73 411
2 74 16
2 75 373
2 76 221
2 77 394
2 78 26
2 79 397
2 80 235
2 81 377
2 82 51
2 83 378
2 84 259
2 85 353
2 86 62
2 87 370
2 88 248
2 89 406
2 90 54
2 91 356
2 92 299
2 93 382
2 94 53
2 95 374
2 96 218
2 97 454
2 98 43
2 99 407
3 4 296
3 5 289
3 6 401
3 7 12
3 8 356
3 9 332
3 10 386
3 11 20
3 12 315
3 13 410
3 14 353
3 15 12
3 16 361
3 17 311
3 18 376
3 19 24
3 20 333
3 21 334
3 22 371
3 23 64
3 24 272
3 25 318
3 26 350
3 27 24
3 28 387
3 29 275
3 30 374
3 31 48
3 32 313
3 33 314
3 34 370
3 35 71
3 36 378
3 37 280
3 38 369
3 39 65
3 40 316
3 41 332
3 42 344
3 43 42
3 44 371
3 45 362
3 46 351
3 47 52
3 48 267
3 49 353
3 50 417
3 51 48
3 52 335
3 53 352
3 54 346
3 55 32
3 56 358
3 57 332
3 58 404
3 59 49
3 60 279
3 61 416
3 62 386
3 63 92
3 64 287
3 65 410
3 66 354
3 67 55
3 68 365
3 69 340
3 70 401
3 71 44
3 72 323
3 73 307
3 74 388
3 75 22
3 76 274
3 77 364
3 78 356
3 79 62
3 80 342
3 81 325
3 82 337
3 83 11
3 84 296
3 85 327
3 86 328
3 87 33
3 88 312
3 89 338
3 90 371
3 91 21
3 92 295
3 93 310
3 94 341
3 95 2
3 96 385
3 97 362
3 98 407
3 99 33
4 5 106
4 6 300
4 7 303
4 8 74
4 9 144
4 10 304
4 11 312
4 12 31
4 13 193
4 14 272
4 15 303
4 16 82
4 17 51
4 18 279
4 19 319
4 20 57
4 21 135
4 22 283
4 23 342
4 24 55
4 25 104
4 26 285
4 27 283
4 28 94
4 29 95
4 30 245
4 31 290
4 32 52
4 33 116
4 34 297
4 35 292
4 36 99
4 37 92
4 38 289
4 39 348
4 40 59
4 41 172
4 42 260
4 43 319
4 44 113
4 45 131
4 46 260
4 47 274
4 48 30
4 49 128
4 50 302
4 51 335
4 52 54
4 53 197
4 54 285
4 55 285
4 56 78
4 57 102
4 58 307
4 59 275
4 60 30
4 61 199
4 62 269
4 63 353
4 64 12
4 65 164
4 66 303
4 67 350
4 68 71
4 69 109
4 70 302
4 71 318
4 72 45
4 73 147
4 74 284
4 75 279
4 76 52
4 77 129
4 78 243
4 79 272
4 80 62
4 81 109
4 82 273
4 83 306
4 84 9
4 85 85
4 86 275
4 87 315
4 88 27
4 89 138
4 90 308
4 91 276
4 92 31
4 93 116
4 94 282
4 95 294
4 96 114
4 97 186
4 98 310
4 99 321
5 6 401
5 7 299
5 8 172
5 9 50
5 10 403
5 11 308
5 12 89
5 13 125
5 14 369
5 15 293
5 16 179
5 17 64
5 18 379
5 19 313
5 20 160
5 21 48
5 22 381
5 23 317
5 24 150
5 25 30
5 26 380
5 27 269
5 28 173
5 29 17
5 30 347
5 31 267
5 32 158
5 33 26
5 34 394
5 35 259
5 36 195
5 37 16
5 38 387
5 39 326
5 40 165
5 41 70
5 42 357
5 43 299
5 44 216
5 45 73
5 46 358
5 47 251
5 48 110
5 49 64
5 50 405
5 51 317
5 52 156
5 53 97
5 54 380
5 55 290
5 56 176
5 57 46
5 58 408
5 59 253
5 60 126
5 61 131
5 62 370
5 63 320
5 64 112
5 65 121
5 66 397
5 67 336
5 68 153
5 69 53
5 70 403
5 71 297
5 72 148
5 73 42
5 74 385
5 75 268
5 76 148
5 77 75
5 78 343
5 79 246
5 80 162
5 81 36
5 82 367
5 83 300
5 84 114
5 85 50
5 86 367
5 87 316
5 88 131
5 89 52
5 90 404
5 91 273
5 92 75
5 93 22
5 94 376
5 95 287
5 96 211
5 97 93
5 98 411
5 99 305
6 7 398
6 8 264
6 9 444
6 10 23
6 11 404
6 12 328
6 13 489
6 14 48
6 15 413
6 16 260
6 17 351
6 18 25
6 19 412
6 20 261
6 21 435
6 22 30
6 23 465
6 24 252
6 25 404
6 26 55
6 27 407
6 28 298
6 29 387
6 30 57
6 31 431
6 32 251
6 33 416
6 34 38
6 35 448
6 36 257
6 37 386
6 38 35
6 39 465
6 40 245
6 41 471
6 42 58
6 43 442
6 44 224
6 45 428
6 46 51
6 47 420
6 48 291
6 49 427
6 50 20
6 51 448
6 52 266
6 53 497
6 54 60
6 55 371
6 56 261
6 57 402
6 58 7
6 59 419
6 60 276
6 61 494
6 62 33
6 63 491
6 64 291
6 65 452
6 66 64
6 67 446
6 68 298
6 69 408
6 70 2
6 71 443
6 72 267
6 73 444
6 74 17
6 75 401
6 76 254
6 77 425
6 78 59
6 79 426
6 80 265
6 81 409
6 82 66
6 83 404
6 84 292
6 85 385
6 86 77
6 87 394
6 88 280
6 89 439
6 90 46
6 91 383
6 92 331
6 93 415
6 94 65
6 95 400
6 96 245
6 97 486
6 98 10
6 99 433
7 8 361
7 9 342
7 10 383
7 11 10
7 12 322
7 13 421
7 14 350
7 15 19
7 16 366
7 17 319
7 18 373
7 19 17
7 20 338
7 21 344
7 22 367
7 23 68
7 24 277
7 25 327
7 26 346
7 27 36
7 28 393
7 29 284
7 30 372
7 31 59
7 32 317
7 33 324
7 34 366
7 35 83
7 36 382
7 37 290
7 38 365
7 39 67
7 40 321
7 41 342
7 42 341
7 43 49
7 44 375
7 45 371
7 46 349
7 47 64
7 48 274
7 49 363
7 50 414
7 51 51
7 52 340
7 53 363
7 54 342
7 55 27
7 56 363
7 57 341
7 58 401
7 59 62
7 60 284
7 61 427
7 62 384
7 63 97
7 64 294
7 65 419
7 66 349
7 67 52
7 68 371
7 69 350
7 70 398
7 71 51
7 72 328
7 73 318
7 74 385
7 75 34
7 76 279
7 77 373
7 78 353
7 79 74
7 80 347
7 81 334
7 82 333
7 83 6
7 84 302
7 85 336
7 86 324
7 87 21
7 88 318
7 89 348
7 90 367
7 91 27
7 92 302
7 93 320
7 94 337
7 95 14
7 96 390
7 97 373
7 98 404
7 99 37
8 9 199
8 10 273
8 11 370
8 12 83
8 13 228
8 14 246
8 15 364
8 16 8
8 17 109
8 18 247
8 19 378
8 20 22
8 21 189
8 22 253
8 23 406
8 24 84
8 25 161
8 26 262
8 27 345
8 28 41
8 29 165
8 30 208
8 31 356
8 32 44
8 33 176
8 34 270
8 35 359
8 36 25
8 37 160
8 38 261
8 39 412
8 40 42
8 41 231
8 42 236
8 43 383
8 44 46
8 45 172
8 46 233
8 47 339
8 48 94
8 49 173
8 50 262
8 51 398
8 52 22
8 53 253
8 54 264
8 55 340
8 56 4
8 57 153
8 58 271
8 59 340
8 60 79
8 61 233
8 62 232
8 63 420
8 64 76
8 65 189
8 66 282
8 67 410
8 68 33
8 69 157
8 70 266
8 71 382
8 72 34
8 73 210
8 74 249
8 75 341
8 76 82
8 77 169
8 78 212
8 79 339
8 80 14
8 81 164
8 82 253
8 83 365
8 84 69
8 85 136
8 86 258
8 87 371
8 88 49
8 89 192
8 90 282
8 91 335
8 92 99
8 93 176
8 94 261
8 95 354
8 96 40
8 97 238
8 98 274
8 99 383
9 10 447
9 11 351
9 12 119
9 13 79
9 14 413
9 15 334
9 16 207
9 17 94
9 18 422
9 19 355
9 20 192
9 21 11
9 22 425
9 23 354
9 24 193
9 25 39
9 26 425
9 27 311
9 28 190
9 29 67
9 30 388
9 31 305
9 32 195
9 33 28
9 34 439
9 35 295
9 36 220
9 37 65
9 38 431
9 39 364
9 40 201
9 41 32
9 42 401
9 43 338
9 44 245
9 45 46
9 46 402
9 47 290
9 48 155
9 49 38
9 50 446
9 51 356
9 52 187
9 53 54
9 54 425
9 55 335
9 56 204
9 57 47
9 58 450
9 59 293
9 60 168
9 61 85
9 62 412
9 63 354
9 64 152
9 65 87
9 66 443
9 67 377
9 68 174
9 69 45
9 70 445
9 71 336
9 72 182
9 73 28
9 74 427
9 75 310
9 76 191
9 77 50
9 78 386
9 79 284
9 80 192
9 81 36
9 82 413
9 83 343
9 84 152
9 85 63
9 86 414
9 87 360
9 88 166
9 89 11
9 90 449
9 91 317
9 92 113
9 93 30
9 94 421
9 95 330
9 96 237
9 97 44
9 98 454
9 99 345
10 11 388
10 12 333
10 13 495
10 14 37
10 15 398
10 16 270
10 17 356
10 18 26
10 19 396
10 20 268
10 21 438
10 22 21
10 23 450
10 24 254
10 25 408
10 26 37
10 27 393
10 28 309
10 29 388
10 30 68
10 31 418
10 32 257
10 33 419
10 34 17
10 35 436
10 36 268
10 37 387
10 38 18
10 39 450
10 40 251
10 41 473
10 42 48
10 43 428
10 44 235
10 45 434
10 46 45
10 47 408
10 48 293
10 49 431
10 50 43
10 51 433
10 52 274
10 53 499
10 54 41
10 55 356
10 56 271
10 57 406
10 58 22
10 59 407
10 60 279
10 61 501
10 62 46
10 63 477
10 64 294
10 65 460
10 66 41
10 67 430
10 68 307
10 69 413
10 70 22
10 71 429
10 72 273
10 73 445
10 74 28
10 75 387
10 76 256
10 77 431
10 78 62
10 79 414
10 80 273
10 81 413
10 82 50
10 83 389
10 84 296
10 85 389
10 86 59
10 87 378
10 88 285
10 89 442
10 90 23
10 91 368
10 92 334
10 93 418
10 94 46
10 95 386
10 96 257
10 97 490
10 98 24
10 99 418
11 12 332
11 13 430
11 14 356
11 15 22
11 16 376
11 17 329
11 18 380
11 19 8
11 20 348
11 21 353
11 22 374
11 23 65
11 24 286
11 25 336
11 26 352
11 27 43
11 28 403
11 29 294
11 30 379
11 31 63
11 32 327
11 33 333
11 34 372
11 35 86
11 36 392
11 37 299
11 38 371
11 39 62
11 40 330
11 41 351
11 42 347
11 43 48
11 44 384
11 45 381
11 46 355
11 47 70
11 48 283
11 49 372
11 50 420
11 51 46
11 52 350
11 53 371
11 54 348
11 55 34
11 56 373
11 57 351
11 58 407
11 59 68
11 60 294
11 61 436
11 62 390
11 63 94
11 64 304
11 65 429
11 66 355
11 67 44
11 68 381
11 69 359
11 70 404
11 71 50
11 72 338
11 73 327
11 74 391
11 75 42
11 76 289
11 77 383
11 78 360
11 79 80
11 80 357
11 81 344
11 82 339
11 83 8
11 84 312
11 85 346
11 86 330
11 87 16
11 88 328
11 89 357
11 90 372
11 91 37
11 92 312
11 93 329
11 94 343
11 95 22
11 96 399
11 97 382
11 98 410
11 99 34
12 13 163
12 14 301
12 15 322
12 16 91
12 17 26
12 18 308
12 19 339
12 20 73
12 21 109
12 22 311
12 23 357
12 24 86
12 25 80
12 26 314
12 27 300
12 28 88
12 29 83
12 30 272
12 31 305
12 32 77
12 33 93
12 34 326
12 35 305
12 36 107
12 37 78
12 38 318
12 39 365
12 40 83
12 41 149
12 42 289
12 43 336
12 44 128
12 45 101
12 46 289
12 47 289
12 48 58
12 49 99
12 50 329
12 51 352
12 52 68
12 53 173
12 54 315
12 55 307
12 56 88
12 57 75
12 58 334
12 59 290
12 60 61
12 61 169
12 62 296
12 63 367
12 64 43
12 65 133
12 66 333
12 67 368
12 68 67
12 69 81
12 70 329
12 71 334
12 72 63
12 73 127
12 74 311
12 75 297
12 76 83
12 77 99
12 78 271
12 79 286
12 80 74
12 81 84
12 82 303
12 83 326
12 84 39
12 85 57
12 86 305
12 87 337
12 88 48
12 89 113
12 90 337
12 91 296
12 92 22
12 93 94
12 94 312
12 95 313
12 96 123
12 97 160
12 98 338
12 99 338
13 14 464
13 15 413
13 16 234
13 17 143
13 18 469
13 19 434
13 20 228
13 21 78
13 22 474
13 23 432
13 24 248
13 25 102
13 26 477
13 27 389
13 28 205
13 29 142
13 30 432
13 31 383
13 32 238
13 33 100
13 34 489
13 35 373
13 36 243
13 37 138
13 38 480
13 39 442
13 40 244
13 41 86
13 42 452
13 43 416
13 44 273
13 45 63
13 46 451
13 47 368
13 48 213
13 49 68
13 50 488
13 51 434
13 52 223
13 53 80
13 54 478
13 55 413
13 56 232
13 57 95
13 58 495
13 59 371
13 60 222
13 61 6
13 62 456
13 63 430
13 64 204
13 65 44
13 66 496
13 67 455
13 68 197
13 69 87
13 70 490
13 71 414
13 72 222
13 73 104
13 74 473
13 75 389
13 76 245
13 77 65
13 78 433
13 79 362
13 80 225
13 81 95
13 82 466
13 83 422
13 84 201
13 85 109
13 86 468
13 87 439
13 88 209
13 89 74
13 90 500
13 91 396
13 92 166
13 93 103
13 94 475
13 95 408
13 96 259
13 97 59
13 98 499
13 99 424
14 15 364
14 16 243
14 17 323
14 18 25
14 19 364
14 20 239
14 21 405
14 22 18
14 23 417
14 24 220
14 25 374
14 26 18
14 27 359
14 28 284
14 29 354
14 30 53
14 31 383
14 32 226
14 33 385
14 34 26
14 35 401
14 36 244
14 37 353
14 38 19
14 39 417
14 40 221
14 41 439
14 42 12
14 43 394
14 44 211
14 45 402
14 46 13
14 47 373
14 48 259
14 49 399
14 50 65
14 51 400
14 52 245
14 53 465
14 54 22
14 55 322
14 56 244
14 57 374
14 58 52
14 59 372
14 60 245
14 61 470
14 62 44
14 63 443
14 64 262
14 65 430
14 66 38
14 67 398
14 68 279
14 69 381
14 70 49
14 71 395
14 72 243
14 73 411
14 74 37
14 75 353
14 76 222
14 77 399
14 78 37
14 79 379
14 80 245
14 81 380
14 82 21
14 83 356
14 84 263
14 85 357
14 86 32
14 87 346
14 88 254
14 89 409
14 90 36
14 91 335
14 92 301
14 93 384
14 94 24
14 95 352
14 96 233
14 97 457
14 98 55
14 99 385
15 16 370
15 17 317
15 18 388
15 19 22
15 20 342
15 21 337
15 22 382
15 23 52
15 24 281
15 25 321
15 26 362
15 27 23
15 28 395
15 29 279
15 30 385
15 31 41
15 32 321
15 33 318
15 34 381
15 35 64
15 36 386
15 37 284
15 38 380
15 39 53
15 40 325
15 41 333
15 42 355
15 43 31
15 44 380
15 45 365
15 46 363
15 47 49
15 48 275
15 49 357
15 50 428
15 51 37
15 52 343
15 53 353
15 54 358
15 55 43
15 56 367
15 57 336
15 58 416
15 59 46
15 60 286
15 61 419
15 62 397
15 63 80
15 64 295
15 65 413
15 66 365
15 67 47
15 68 373
15 69 344
15 70 413
15 71 32
15 72 331
15 73 309
15 74 399
15 75 25
15 76 283
15 77 367
15 78 367
15 79 58
15 80 350
15 81 328
15 82 348
15 83 15
15 84 304
15 85 332
15 86 340
15 87 38
15 88 320
15 89 341
15 90 383
15 91 32
15 92 301
15 93 314
15 94 353
15 95 13
15 96 394
15 97 364
15 98 419
15 99 21
16 17 116
16 18 244
16 19 383
16 20 28
16 21 196
16 22 250
16 23 412
16 24 89
16 25 169
16 26 259
16 27 351
16 28 42
16 29 173
16 30 203
16 31 362
16 32 49
16 33 183
16 34 267
16 35 366
16 36 18
16 37 168
16 38 258
16 39 418
16 40 46
16 41 238
16 42 233
16 43 389
16 44 40
16 45 179
16 46 230
16 47 346
16 48 101
16 49 180
16 50 257
16 51 404
16 52 29
16 53 260
16 54 262
16 55 345
16 56 3
16 57 160
16 58 267
16 59 347
16 60 85
16 61 239
16 62 227
16 63 427
16 64 84
16 65 195
16 66 279
16 67 416
16 68 38
16 69 164
16 70 262
16 71 388
16 72 40
16 73 217
16 74 245
16 75 347
16 76 87
16 77 175
16 78 209
16 79 346
16 80 21
16 81 171
16 82 251
16 83 370
16 84 76
16 85 143
16 86 256
16 87 376
16 88 56
16 89 199
16 90 279
16 91 340
16 92 107
16 93 184
16 94 259
16 95 359
16 96 32
16 97 245
16 98 270
16 99 389
17 18 331
17 19 335
17 20 99
17 21 84
17 22 334
17 23 349
17 24 105
17 25 54
17 26 336
17 27 294
17 28 110
17 29 60
17 30 295
17 31 297
17 32 101
17 33 68
17 34 349
17 35 295
17 36 132
17 37 54
17 38 340
17 39 357
17 40 108
17 41 123
17 42 311
17 43 328
17 44 154
17 45 80
17 46 311
17 47 281
17 48 70
17 49 77
17 50 353
17 51 345
17 52 94
17 53 148
17 54 337
17 55 305
17 56 113
17 57 51
17 58 358
17 59 283
17 60 79
17 61 149
17 62 320
17 63 357
17 64 62
17 65 118
17 66 354
17 67 362
17 68 89
17 69 58
17 70 353
17 71 327
17 72 89
17 73 101
17 74 335
17 75 292
17 76 102
17 77 78
17 78 294
17 79 278
17 80 100
17 81 58
17 82 325
17 83 322
17 84 60
17 85 34
17 86 326
17 87 334
17 88 73
17 89 88
17 90 359
17 91 292
17 92 24
17 93 68
17 94 333
17 95 309
17 96 148
17 97 135
17 98 362
17 99 332
18 19 388
18 20 243
18 21 414
18 22 10
18 23 440
18 24 230
18 25 383
18 26 38
18 27 382
18 28 283
18 29 365
18 30 42
18 31 406
18 32 232
18 33 394
18 34 29
18 35 423
18 36 243
18 37 364
18 38 20
18 39 440
18 40 226
18 41 449
18 42 33
18 43 418
18 44 209
18 45 408
18 46 25
18 47 395
18 48 269
18 49 407
18 50 41
18 51 424
18 52 248
18 53 475
18 54 43
18 55 346
18 56 245
18 57 381
18 58 30
18 59 394
18 60 254
18 61 475
18 62 24
18 63 467
18 64 270
18 65 434
18 66 52
18 67 422
18 68 281
18 69 388
18 70 26
18 71 419
18 72 248
18 73 422
18 74 12
18 75 376
18 76 232
18 77 406
18 78 37
18 79 401
18 80 247
18 81 388
18 82 45
18 83 380
18 84 271
18 85 365
18 86 56
18 87 370
18 88 260
18 89 418
18 90 41
18 91 358
18 92 310
18 93 393
18 94 46
18 95 375
18 96 231
18 97 465
18 98 34
18 99 409
19 20 355
19 21 358
19 22 382
19 23 58
19 24 294
19 25 341
19 26 360
19 27 45
19 28 410
19 29 299
19 30 387
19 31 62
19 32 334
19 33 338
19 34 380
19 35 85
19 36 399
19 37 304
19 38 379
19 39 55
19 40 338
19 41 355
19 42 355
19 43 43
19 44 392
19 45 386
19 46 363
19 47 71
19 48 290
19 49 377
19 50 428
19 51 39
19 52 357
19 53 375
19 54 356
19 55 42
19 56 380
19 57 356
19 58 415
19 59 69
19 60 301
19 61 440
19 62 399
19 63 88
19 64 310
19 65 434
19 66 362
19 67 35
19 68 388
19 69 364
19 70 412
19 71 46
19 72 345
19 73 331
19 74 399
19 75 45
19 76 296
19 77 387
19 78 369
19 79 80
19 80 364
19 81 348
19 82 347
19 83 13
19 84 319
19 85 351
19 86 338
19 87 21
19 88 335
19 89 361
19 90 380
19 91 43
19 92 319
19 93 334
19 94 351
19 95 26
19 96 407
19 97 385
19 98 418
19 99 28
20 21 181
20 22 248
20 23 384
20 24 62
20 25 153
20 26 255
20 27 323
20 28 60
20 29 151
20 30 204
20 31 334
20 32 22
20 33 166
20 34 264
20 35 338
20 36 46
20 37 147
20 38 255
20 39 390
20 40 23
20 41 222
20 42 228
20 43 361
20 44 57
20 45 169
20 46 227
20 47 317
20 48 73
20 49 168
20 50 260
20 51 376
20 52 5
20 53 246
20 54 256
20 55 318
20 56 25
20 57 146
20 58 268
20 59 318
20 60 57
20 61 233
20 62 229
20 63 399
20 64 57
20 65 191
20 66 274
20 67 388
20 68 44
20 69 151
20 70 263
20 71 360
20 72 13
20 73 199
20 74 245
20 75 319
20 76 60
20 77 166
20 78 207
20 79 317
20 80 9
20 81 156
20 82 245
20 83 343
20 84 50
20 85 129
20 86 249
20 87 349
20 88 30
20 89 185
20 90 275
20 91 313
20 92 85
20 93 166
20 94 253
20 95 331
20 96 58
20 97 232
20 98 271
20 99 361
21 22 417
21 23 359
21 24 185
21 25 31
21 26 418
21 27 313
21 28 179
21 29 65
21 30 379
21 31 309
21 32 185
21 33 23
21 34 431
21 35 300
21 36 209
21 37 61
21 38 423
21 39 368
21 40 192
21 41 43
21 42 393
21 43 341
21 44 235
21 45 36
21 46 394
21 47 294
21 48 147
21 49 28
21 50 437
21 51 359
21 52 177
21 53 65
21 54 418
21 55 336
21 56 193
21 57 36
21 58 441
21 59 296
21 60 160
21 61 84
21 62 403
21 63 359
21 64 144
21 65 80
21 66 435
21 67 380
21 68 163
21 69 34
21 70 437
21 71 339
21 72 172
21 73 36
21 74 418
21 75 313
21 76 183
21 77 40
21 78 377
21 79 288
21 80 181
21 81 26
21 82 405
21 83 345
21 84 143
21 85 53
21 86 406
21 87 362
21 88 157
21 89 4
21 90 441
21 91 319
21 92 104
21 93 26
21 94 414
21 95 332
21 96 226
21 97 52
21 98 445
21 99 349
22 23 435
22 24 232
22 25 386
22 26 28
22 27 377
22 28 290
22 29 367
22 30 51
22 31 401
22 32 236
22 33 397
22 34 19
22 35 419
22 36 249
22 37 366
22 38 10
22 39 435
22 40 230
22 41 451
22 42 28
22 43 412
22 44 216
22 45 412
22 46 24
22 47 390
22 48 271
22 49 410
22 50 48
22 51 418
22 52 253
22 53 478
22 54 32
22 55 340
22 56 251
22 57 385
22 58 34
22 59 390
22 60 257
22 61 479
22 62 34
22 63 461
22 64 273
22 65 439
22 66 42
22 67 416
22 68 287
22 69 392
22 70 31
22 71 413
22 72 252
22 73 424
22 74 21
22 75 371
22 76 234
22 77 410
22 78 41
22 79 397
22 80 252
22 81 392
22 82 36
22 83 374
22 84 274
22 85 368
22 86 47
22 87 364
22 88 264
22 89 421
22 90 31
22 91 352
22 92 313
22 93 396
22 94 36
22 95 370
22 96 238
22 97 468
22 98 37
22 99 403
23 24 324
23 25 347
23 26 414
23 27 63
23 28 435
23 29 305
23 30 437
23 31 52
23 32 364
23 33 341
23 34 434
23 35 60
23 36 429
23 37 311
23 38 432
23 39 11
23 40 369
23 41 349
23 42 408
23 43 24
23 44 426
23 45 390
23 46 415
23 47 68
23 48 314
23 49 381
23 50 480
23 51 19
23 52 385
23 53 365
23 54 410
23 55 95
23 56 409
23 57 362
23 58 468
23 59 67
23 60 328
23 61 437
23 62 450
23 63 30
23 64 334
23 65 437
23 66 418
23 67 38
23 68 412
23 69 370
23 70 465
23 71 24
23 72 373
23 73 328
23 74 452
23 75 68
23 76 326
23 77 392
23 78 419
23 79 72
23 80 392
23 81 353
23 82 401
23 83 62
23 84 343
23 85 361
23 86 392
23 87 79
23 88 360
23 89 362
23 90 435
23 91 83
23 92 336
23 93 337
23 94 405
23 95 65
23 96 438
23 97 379
23 98 471
23 99 32
24 25 155
24 26 232
24 27 262
24 28 121
24 29 136
24 30 198
24 31 275
24 32 41
24 33 165
24 34 246
24 35 281
24 36 106
24 37 134
24 38 238
24 39 330
24 40 44
24 41 219
24 42 208
24 43 301
24 44 102
24 45 185
24 46 209
24 47 259
24 48 39
24 49 181
24 50 256
24 51 315
24 52 65
24 53 245
24 54 233
24 55 256
24 56 87
24 57 155
24 58 258
24 59 260
24 60 26
24 61 254
24 62 221
24 63 340
24 64 43
24 65 219
24 66 250
24 67 327
24 68 101
24 69 162
24 70 253
24 71 300
24 72 54
24 73 192
24 74 235
24 75 258
24 76 3
24 77 183
24 78 193
24 79 259
24 80 72
24 81 160
24 82 220
24 83 281
24 84 48
24 85 139
24 86 222
24 87 287
24 88 50
24 89 189
24 90 255
24 91 251
24 92 82
24 93 164
24 94 229
24 95 270
24 96 114
24 97 237
24 98 262
24 99 300
25 26 387
25 27 298
25 28 156
25 29 43
25 30 349
25 31 296
25 32 155
25 33 14
25 34 400
25 35 289
25 36 183
25 37 37
25 38 392
25 39 356
25 40 162
25 41 69
25 42 363
25 43 328
25 44 207
25 45 44
25 46 363
25 47 280
25 48 117
25 49 36
25 50 406
25 51 346
25 52 148
25 53 94
25 54 387
25 55 317
25 56 166
25 57 17
25 58 411
25 59 282
25 60 129
25 61 109
25 62 373
25 63 350
25 64 113
25 65 92
25 66 404
25 67 365
25 68 138
25 69 24
25 70 406
25 71 326
25 72 143
25 73 50
25 74 388
25 75 297
25 76 152
25 77 46
25 78 347
25 79 275
25 80 153
25 81 8
25 82 375
25 83 329
25 84 113
25 85 27
25 86 376
25 87 344
25 88 127
25 89 35
25 90 410
25 91 301
25 92 73
25 93 17
25 94 383
25 95 315
25 96 200
25 97 82
25 98 414
25 99 334
26 27 357
26 28 300
26 29 365
26 30 71
26 31 382
26 32 241
26 33 397
26 34 20
26 35 400
26 36 261
26 37 364
26 38 21
26 39 413
26 40 235
26 41 450
26 42 27
26 43 392
26 44 228
26 45 415
26 46 31
26 47 372
26 48 271
26 49 413
26 50 75
26 51 397
26 52 260
26 53 477
26 54 5
26 55 319
26 56 260
26 57 387
26 58 57
26 59 371
26 60 258
26 61 483
26 62 60
26 63 441
26 64 274
26 65 445
26 66 20
26 67 394
26 68 295
26 69 394
26 70 55
26 71 393
26 72 258
26 73 422
26 74 49
26 75 351
26 76 235
26 77 413
26 78 55
26 79 379
26 80 260
26 81 392
26 82 14
26 83 352
26 84 276
26 85 370
26 86 22
26 87 341
26 88 268
26 89 422
26 90 25
26 91 332
26 92 314
26 93 396
26 94 9
26 95 349
26 96 251
26 97 469
26 98 59
26 99 382
27 28 375
27 29 256
27 30 376
27 31 28
27 32 303
27 33 294
27 34 377
27 35 51
27 36 368
27 37 261
27 38 375
27 39 68
27 40 307
27 41 310
27 42 349
27 43 39
27 44 363
27 45 342
27 46 357
27 47 28
27 48 255
27 49 333
27 50 422
27 51 53
27 52 324
27 53 329
27 54 354
27 55 49
27 56 348
27 57 313
27 58 410
27 59 26
27 60 267
27 61 395
27 62 390
27 63 86
27 64 275
27 65 390
27 66 362
27 67 68
27 68 353
27 69 321
27 70 407
27 71 39
27 72 312
27 73 286
27 74 393
27 75 6
27 76 264
27 77 344
27 78 359
27 79 38
27 80 331
27 81 305
27 82 343
27 83 34
27 84 283
27 85 309
27 86 336
27 87 57
27 88 300
27 89 317
27 90 379
27 91 27
27 92 279
27 93 290
27 94 348
27 95 22
27 96 376
27 97 340
27 98 413
27 99 38
28 29 170
28 30 242
28 31 384
28 32 82
28 33 170
28 34 307
28 35 386
28 36 41
28 37 164
28 38 298
28 39 441
28 40 82
28 41 222
28 42 274
28 43 412
28 44 74
28 45 156
28 46 270
28 47 367
28 48 120
28 49 158
28 50 294
28 51 428
28 52 56
28 53 242
28 54 303
28 55 374
28 56 42
28 57 144
28 58 305
28 59 368
28 60 109
28 61 210
28 62 266
28 63 447
28 64 101
28 65 163
28 66 320
28 67 441
28 68 23
28 69 145
28 70 300
28 71 411
28 72 67
28 73 206
28 74 284
28 75 371
28 76 118
28 77 151
28 78 249
28 79 366
28 80 51
28 81 156
28 82 292
28 83 397
28 84 92
28 85 129
28 86 297
28 87 405
28 88 75
28 89 181
28 90 319
28 91 367
28 92 109
28 93 172
28 94 300
28 95 385
28 96 56
28 97 224
28 98 308
28 99 413
29 30 333
29 31 254
29 32 147
29 33 42
29 34 379
29 35 248
29 36 189
29 37 6
29 38 372
29 39 314
29 40 154
29 41 86
29 42 342
29 43 286
29 44 208
29 45 87
29 46 343
29 47 238
29 48 96
29 49 79
29 50 391
29 51 304
29 52 148
29 53 113
29 54 365
29 55 274
29 56 169
29 57 57
29 58 394
29 59 240
29 60 113
29 61 148
29 62 357
29 63 309
29 64 101
29 65 135
29 66 381
29 67 323
29 68 149
29 69 66
29 70 389
29 71 285
29 72 139
29 73 57
29 74 371
29 75 254
29 76 134
29 77 89
29 78 329
29 79 234
29 80 154
29 81 50
29 82 352
29 83 286
29 84 104
29 85 57
29 86 352
29 87 302
29 88 122
29 89 69
29 90 389
29 91 258
29 92 66
29 93 39
29 94 360
29 95 273
29 96 205
29 97 110
29 98 397
29 99 292
30 31 399
30 32 195
30 33 361
30 34 70
30 35 414
30 36 201
30 37 332
30 38 60
30 39 438
30 40 189
30 41 416
30 42 50
30 43 414
30 44 168
30 45 372
30 46 41
30 47 387
30 48 237
30 49 370
30 50 58
30 51 422
30 52 210
30 53 442
30 54 75
30 55 345
30 56 204
30 57 346
30 58 64
30 59 386
30 60 221
30 61 438
30 62 24
30 63 462
30 64 236
30 65 396
30 66 90
30 67 422
30 68 241
30 69 352
30 70 59
30 71 414
30 72 210
30 73 389
30 74 42
30 75 370
30 76 199
30 77 369
30 78 21
30 79 392
30 80 208
30 81 354
30 82 71
30 83 378
30 84 236
30 85 329
30 86 82
30 87 371
30 88 224
30 89 383
30 90 82
30 91 354
30 92 275
30 93 360
30 94 76
30 95 372
30 96 189
30 97 431
30 98 67
30 99 406
31 32 315
31 33 291
31 34 402
31 35 24
31 36 379
31 37 260
31 38 400
31 39 60
31 40 319
31 41 301
31 42 374
31 43 32
31 44 377
31 45 339
31 46 381
31 47 17
31 48 263
31 49 330
31 50 446
31 51 50
31 52 334
31 53 319
31 54 379
31 55 76
31 56 359
31 57 312
31 58 435
31 59 15
31 60 277
31 61 389
31 62 414
31 63 66
31 64 283
31 65 387
31 66 388
31 67 72
31 68 361
31 69 320
31 70 432
31 71 30
31 72 322
31 73 279
31 74 417
31 75 33
31 76 277
31 77 342
31 78 382
31 79 21
31 80 342
31 81 303
31 82 369
31 83 55
31 84 292
31 85 309
31 86 361
31 87 79
31 88 310
31 89 312
31 90 405
31 91 55
31 92 284
31 93 287
31 94 374
31 95 47
31 96 389
31 97 332
31 98 438
31 99 42
32 33 168
32 34 251
32 35 319
32 36 65
32 37 144
32 38 243
32 39 370
32 40 7
32 41 224
32 42 215
32 43 341
32 44 67
32 45 177
32 46 214
32 47 298
32 48 60
32 49 175
32 50 252
32 51 356
32 52 26
32 53 249
32 54 242
32 55 297
32 56 46
32 57 151
32 58 258
32 59 299
32 60 42
32 61 243
32 62 219
32 63 380
32 64 47
32 65 204
32 66 260
32 67 367
32 68 65
32 69 157
32 70 253
32 71 340
32 72 18
32 73 199
32 74 235
32 75 298
32 76 38
32 77 174
32 78 195
32 79 299
32 80 32
32 81 159
32 82 230
32 83 322
32 84 44
32 85 134
32 86 234
32 87 328
32 88 29
32 89 189
32 90 262
32 91 292
32 92 83
32 93 168
32 94 239
32 95 311
32 96 74
32 97 236
32 98 262
32 99 341
33 34 411
33 35 283
33 36 197
33 37 39
33 38 403
33 39 350
33 40 175
33 41 56
33 42 373
33 43 323
33 44 221
33 45 49
33 46 374
33 47 275
33 48 126
33 49 39
33 50 418
33 51 341
33 52 162
33 53 81
33 54 397
33 55 315
33 56 180
33 57 29
33 58 422
33 59 277
33 60 140
33 61 106
33 62 384
33 63 343
33 64 125
33 65 96
33 66 414
33 67 361
33 68 152
33 69 33
33 70 417
33 71 321
33 72 156
33 73 35
33 74 399
33 75 293
33 76 163
33 77 51
33 78 358
33 79 270
33 80 167
33 81 16
33 82 385
33 83 326
33 84 125
33 85 41
33 86 385
33 87 342
33 88 140
33 89 27
33 90 420
33 91 298
33 92 85
33 93 4
33 94 393
33 95 312
33 96 214
33 97 72
33 98 426
33 99 330
34 35 420
34 36 267
34 37 378
34 38 10
34 39 433
34 40 246
34 41 464
34 42 38
34 43 412
34 44 234
34 45 427
34 46 38
34 47 392
34 48 284
34 49 425
34 50 58
34 51 417
34 52 269
34 53 491
34 54 24
34 55 339
34 56 268
34 57 399
34 58 38
34 59 391
34 60 271
34 61 495
34 62 53
34 63 461
34 64 287
34 65 455
34 66 26
34 67 414
34 68 304
34 69 406
34 70 38
34 71 413
34 72 268
34 73 437
34 74 37
34 75 371
34 76 248
34 77 425
34 78 59
34 79 399
34 80 269
34 81 406
34 82 34
34 83 372
34 84 289
34 85 383
34 86 42
34 87 361
34 88 279
34 89 435
34 90 12
34 91 352
34 92 327
34 93 409
34 94 29
34 95 369
34 96 256
34 97 482
34 98 40
34 99 402
35 36 384
35 37 254
35 38 418
35 39 70
35 40 324
35 41 289
35 42 391
35 43 48
35 44 383
35 45 331
35 46 398
35 47 29
35 48 266
35 49 322
35 50 462
35 51 65
35 52 338
35 53 306
35 54 397
35 55 100
35 56 363
35 57 305
35 58 452
35 59 30
35 60 281
35 61 378
35 62 430
35 63 62
35 64 285
35 65 379
35 66 407
35 67 89
35 68 363
35 69 313
35 70 449
35 71 45
35 72 326
35 73 269
35 74 434
35 75 56
35 76 282
35 77 334
35 78 398
35 79 23
35 80 346
35 81 295
35 82 387
35 83 79
35 84 294
35 85 304
35 86 379
35 87 102
35 88 312
35 89 303
35 90 423
35 91 77
35 92 283
35 93 279
35 94 392
35 95 70
35 96 394
35 97 319
35 98 456
35 99 61
36 37 184
36 38 257
36 39 435
36 40 62
36 41 252
36 42 234
36 43 406
36 44 33
36 45 190
36 46 230
36 47 363
36 48 119
36 49 191
36 50 253
36 51 421
36 52 46
36 53 273
36 54 263
36 55 361
36 56 21
36 57 173
36 58 264
36 59 364
36 60 103
36 61 248
36 62 225
36 63 444
36 64 101
36 65 202
36 66 281
36 67 432
36 68 47
36 69 176
36 70 259
36 71 405
36 72 58
36 73 232
36 74 243
36 75 364
36 76 103
36 77 186
36 78 208
36 79 363
36 80 38
36 81 185
36 82 253
36 83 387
36 84 94
36 85 157
36 86 259
36 87 392
36 88 74
36 89 212
36 90 279
36 91 357
36 92 123
36 93 198
36 94 261
36 95 376
36 96 17
36 97 257
36 98 267
36 99 406
37 38 371
37 39 320
37 40 151
37 41 86
37 42 341
37 43 292
37 44 203
37 45 82
37 46 342
37 47 244
37 48 95
37 49 74
37 50 390
37 51 310
37 52 143
37 53 113
37 54 364
37 55 279
37 56 165
37 57 52
37 58 392
37 59 246
37 60 111
37 61 144
37 62 355
37 63 316
37 64 98
37 65 130
37 66 381
37 67 329
37 68 144
37 69 60
37 70 387
37 71 291
37 72 135
37 73 58
37 74 369
37 75 260
37 76 132
37 77 83
37 78 327
37 79 240
37 80 150
37 81 45
37 82 351
37 83 292
37 84 100
37 85 50
37 86 352
37 87 307
37 88 118
37 89 66
37 90 388
37 91 264
37 92 62
37 93 36
37 94 360
37 95 278
37 96 200
37 97 108
37 98 396
37 99 298
38 39 432
38 40 237
38 41 457
38 42 31
38 43 410
38 44 224
38 45 419
38 46 29
38 47 389
38 48 277
38 49 416
38 50 54
38 51 416
38 52 260
38 53 483
38 54 25
38 55 338
38 56 258
38 57 391
38 58 36
38 59 389
38 60 263
38 61 486
38 62 44
38 63 459
38 64 279
38 65 446
38 66 33
38 67 413
38 68 294
38 69 398
38 70 35
38 71 411
38 72 259
38 73 429
38 74 29
38 75 369
38 76 240
38 77 416
38 78 49
38 79 396
38 80 260
38 81 397
38 82 32
38 83 371
38 84 280
38 85 374
38 86 42
38 87 361
38 88 271
38 89 427
38 90 22
38 91 351
38 92 319
38 93 402
38 94 30
38 95 368
38 96 246
38 97 474
38 98 39
38 99 401
39 40 374
39 41 358
39 42 408
39 43 29
39 44 431
39 45 399
39 46 416
39 47 76
39 48 321
39 49 390
39 50 481
39 51 16
39 52 391
39 53 375
39 54 410
39 55 94
39 56 415
39 57 371
39 58 468
39 59 74
39 60 334
39 61 447
39 62 450
39 63 37
39 64 341
39 65 446
39 66 417
39 67 30
39 68 419
39 69 379
39 70 465
39 71 30
39 72 379
39 73 338
39 74 452
39 75 72
39 76 332
39 77 401
39 78 420
39 79 80
39 80 398
39 81 362
39 82 400
39 83 61
39 84 350
39 85 369
39 86 391
39 87 75
39 88 367
39 89 371
39 90 434
39 91 85
39 92 343
39 93 346
39 94 404
39 95 66
39 96 444
39 97 389
39 98 471
39 99 32
40 41 231
40 42 210
40 43 345
40 44 60
40 45 183
40 46 208
40 47 303
40 48 66
40 49 182
40 50 246
40 51 360
40 52 27
40 53 256
40 54 237
40 55 300
40 56 44
40 57 158
40 58 252
40 59 304
40 60 48
40 61 249
40 62 213
40 63 384
40 64 54
40 65 209
40 66 255
40 67 371
40 68 67
40 69 164
40 70 247
40 71 345
40 72 22
40 73 206
40 74 229
40 75 302
40 76 42
40 77 180
40 78 189
40 79 303
40 80 31
40 81 166
40 82 225
40 83 325
40 84 51
40 85 141
40 86 229
40 87 331
40 88 35
40 89 195
40 90 257
40 91 295
40 92 90
40 93 175
40 94 234
40 95 314
40 96 70
40 97 243
40 98 255
40 99 344
41 42 427
41 43 334
41 44 276
41 45 74
41 46 428
41 47 287
41 48 180
41 49 68
41 50 474
41 51 352
41 52 218
41 53 27
41 54 450
41 55 338
41 56 235
41 57 79
41 58 477
41 59 289
41 60 195
41 61 91
41 62 440
41 63 346
41 64 180
41 65 107
41 66 467
41 67 373
41 68 206
41 69 77
41 70 472
41 71 331
41 72 212
41 73 30
41 74 454
41 75 309
41 76 217
41 77 79
41 78 413
41 79 280
41 80 223
41 81 67
41 82 438
41 83 343
41 84 181
41 85 95
41 86 438
41 87 362
41 88 196
41 89 42
41 90 474
41 91 318
41 92 141
41 93 56
41 94 446
41 95 329
41 96 268
41 97 31
41 98 481
41 99 342
42 43 385
42 44 202
42 45 390
42 46 9
42 47 362
42 48 247
42 49 388
42 50 73
42 51 391
42 52 234
42 53 453
42 54 29
42 55 314
42 56 233
42 57 362
42 58 62
42 59 362
42 60 233
42 61 458
42 62 47
42 63 434
42 64 250
42 65 419
42 66 47
42 67 390
42 68 269
42 69 369
42 70 58
42 71 386
42 72 232
42 73 399
42 74 44
42 75 343
42 76 210
42 77 388
42 78 31
42 79 369
42 80 234
42 81 368
42 82 22
42 83 347
42 84 252
42 85 345
42 86 32
42 87 338
42 88 243
42 89 397
42 90 48
42 91 325
42 92 290
42 93 372
42 94 28
42 95 343
42 96 224
42 97 445
42 98 65
42 99 376
43 44 402
43 45 372
43 46 393
43 47 48
43 48 292
43 49 363
43 50 458
43 51 18
43 52 362
43 53 351
43 54 388
43 55 74
43 56 386
43 57 344
43 58 446
43 59 46
43 60 305
43 61 421
43 62 427
43 63 50
43 64 312
43 65 419
43 66 396
43 67 41
43 68 390
43 69 352
43 70 443
43 71 3
43 72 350
43 73 312
43 74 429
43 75 44
43 76 303
43 77 374
43 78 396
43 79 54
43 80 369
43 81 335
43 82 378
43 83 43
43 84 321
43 85 341
43 86 370
43 87 64
43 88 338
43 89 345
43 90 413
43 91 60
43 92 315
43 93 319
43 94 383
43 95 43
43 96 415
43 97 364
43 98 449
43 99 15
44 45 218
44 46 198
44 47 361
44 48 126
44 49 219
44 50 220
44 51 416
44 52 60
44 53 299
44 54 231
44 55 352
44 56 42
44 57 199
44 58 231
44 59 362
44 60 108
44 61 279
44 62 191
44 63 442
44 64 112
44 65 234
44 66 248
44 67 426
44 68 77
44 69 203
44 70 226
44 71 401
44 72 69
44 73 255
44 74 210
44 75 358
44 76 101
44 77 215
44 78 175
44 79 362
44 80 54
44 81 210
44 82 221
44 83 380
44 84 106
44 85 182
44 86 227
44 87 383
44 88 86
44 89 238
44 90 246
44 91 350
44 92 141
44 93 222
44 94 229
44 95 369
44 96 23
44 97 284
44 98 234
44 99 400
45 46 390
45 47 323
45 48 150
45 49 9
45 50 429
45 51 389
45 52 164
45 53 89
45 54 416
45 55 361
45 56 176
45 57 33
45 58 435
45 59 326
45 60 159
45 61 69
45 62 396
45 63 392
45 64 142
45 65 48
45 66 434
45 67 409
45 68 143
45 69 24
45 70 430
45 71 370
45 72 162
45 73 72
45 74 412
45 75 341
45 76 182
45 77 5
45 78 372
45 79 318
45 80 167
45 81 37
45 82 404
45 83 373
45 84 139
45 85 46
45 86 406
45 87 389
45 88 148
45 89 35
45 90 438
45 91 345
45 92 103
45 93 53
45 94 412
45 95 359
45 96 207
45 97 69
45 98 438
45 99 378
46 47 369
46 48 248
46 49 388
46 50 65
46 51 399
46 52 232
46 53 454
46 54 35
46 55 322
46 56 231
46 57 362
46 58 56
46 59 369
46 60 234
46 61 457
46 62 38
46 63 442
46 64 250
46 65 417
46 66 51
46 67 398
46 68 266
46 69 369
46 70 52
46 71 394
46 72 231
46 73 400
46 74 36
46 75 351
46 76 211
46 77 387
46 78 24
46 79 375
46 80 232
46 81 369
46 82 30
46 83 355
46 84 251
46 85 345
46 86 41
46 87 346
46 88 242
46 89 398
46 90 49
46 91 333
46 92 290
46 93 373
46 94 35
46 95 351
46 96 220
46 97 445
46 98 59
46 99 384
47 48 247
47 49 315
47 50 434
47 51 66
47 52 318
47 53 306
47 54 369
47 55 76
47 56 342
47 57 295
47 58 424
47 59 3
47 60 260
47 61 374
47 62 402
47 63 82
47 64 267
47 65 371
47 66 379
47 67 86
47 68 344
47 69 304
47 70 421
47 71 46
47 72 306
47 73 264
47 74 406
47 75 32
47 76 261
47 77 326
47 78 370
47 79 10
47 80 326
47 81 287
47 82 358
47 83 62
47 84 275
47 85 293
47 86 351
47 87 85
47 88 293
47 89 297
47 90 395
47 91 52
47 92 268
47 93 271
47 94 363
47 95 50
47 96 372
47 97 318
47 98 427
47 99 55
48 49 145
48 50 295
48 51 308
48 52 73
48 53 206
48 54 271
48 55 256
48 56 98
48 57 119
48 58 297
48 59 248
48 60 18
48 61 219
48 62 260
48 63 327
48 64 20
48 65 188
48 66 288
48 67 321
48 68 98
48 69 127
48 70 293
48 71 291
48 72 61
48 73 153
48 74 274
48 75 251
48 76 38
48 77 148
48 78 233
48 79 246
48 80 81
48 81 123
48 82 258
48 83 277
48 84 29
48 85 103
48 86 259
48 87 286
48 88 46
48 89 151
48 90 294
48 91 247
48 92 47
48 93 125
48 94 267
48 95 265
48 96 131
48 97 198
48 98 301
48 99 293
49 50 427
49 51 380
49 52 164
49 53 84
49 54 413
49 55 353
49 56 177
49 57 27
49 58 433
49 59 317
49 60 156
49 61 74
49 62 395
49 63 382
49 64 138
49 65 57
49 66 431
49 67 400
49 68 145
49 69 19
49 70 428
49 71 361
49 72 161
49 73 64
49 74 410
49 75 332
49 76 179
49 77 13
49 78 370
49 79 309
49 80 167
49 81 29
49 82 401
49 83 364
49 84 136
49 85 42
49 86 403
49 87 380
49 88 147
49 89 27
49 90 435
49 91 337
49 92 99
49 93 43
49 94 409
49 95 351
49 96 208
49 97 66
49 98 437
49 99 369
50 51 464
50 52 265
50 53 499
50 54 79
50 55 387
50 56 258
50 57 403
50 58 22
50 59 434
50 60 279
50 61 494
50 62 35
50 63 507
50 64 294
50 65 451
50 66 83
50 67 463
50 68 295
50 69 409
50 70 21
50 71 459
50 72 267
50 73 447
50 74 29
50 75 416
50 76 257
50 77 425
50 78 66
50 79 440
50 80 263
50 81 411
50 82 84
50 83 420
50 84 294
50 85 386
50 86 95
50 87 411
50 88 281
50 89 441
50 90 66
50 91 398
50 92 333
50 93 418
50 94 84
50 95 416
50 96 240
50 97 488
50 98 22
50 99 449
51 52 377
51 53 369
51 54 393
51 55 78
51 56 401
51 57 361
51 58 452
51 59 64
51 60 320
51 61 440
51 62 434
51 63 49
51 64 328
51 65 437
51 66 400
51 67 24
51 68 406
51 69 370
51 70 449
51 71 20
51 72 365
51 73 330
51 74 435
51 75 57
51 76 317
51 77 392
51 78 404
51 79 72
51 80 384
51 81 353
51 82 384
51 83 44
51 84 336
51 85 359
51 86 375
51 87 60
51 88 353
51 89 363
51 90 418
51 91 69
51 92 331
51 93 337
51 94 388
51 95 49
51 96 429
51 97 382
51 98 455
51 99 16
52 53 241
52 54 261
52 55 320
52 56 25
52 57 142
52 58 273
52 59 319
52 60 57
52 61 228
52 62 234
52 63 399
52 64 55
52 65 186
52 66 279
52 67 389
52 68 40
52 69 146
52 70 268
52 71 361
52 72 12
52 73 195
52 74 251
52 75 320
52 76 62
52 77 161
52 78 212
52 79 317
52 80 8
52 81 151
52 82 250
52 83 344
52 84 48
52 85 124
52 86 254
52 87 351
52 88 28
52 89 180
52 90 281
52 91 314
52 92 81
52 93 162
52 94 258
52 95 333
52 96 60
52 97 227
52 98 276
52 99 362
53 54 477
53 55 359
53 56 258
53 57 100
53 58 503
53 59 308
53 60 221
53 61 83
53 62 465
53 63 361
53 64 206
53 65 112
53 66 494
53 67 392
53 68 227
53 69 97
53 70 498
53 71 349
53 72 236
53 73 56
53 74 480
53 75 330
53 76 243
53 77 94
53 78 439
53 79 298
53 80 246
53 81 90
53 82 464
53 83 363
53 84 206
53 85 117
53 86 465
53 87 382
53 88 221
53 89 62
53 90 500
53 91 339
53 92 166
53 93 82
53 94 473
53 95 350
53 96 290
53 97 23
53 98 507
53 99 361
54 55 315
54 56 262
54 57 387
54 58 61
54 59 368
54 60 258
54 61 484
54 62 65
54 63 438
54 64 275
54 65 446
54 66 18
54 67 390
54 68 297
54 69 395
54 70 60
54 71 389
54 72 259
54 73 422
54 74 54
54 75 348
54 76 235
54 77 414
54 78 59
54 79 376
54 80 262
54 81 393
54 82 13
54 83 349
54 84 277
54 85 371
54 86 18
54 87 338
54 88 269
54 89 422
54 90 26
54 91 329
54 92 315
54 93 396
54 94 5
54 95 346
54 96 253
54 97 469
54 98 64
54 99 378
55 56 342
55 57 330
55 58 374
55 59 74
55 60 265
55 61 419
55 62 357
55 63 123
55 64 276
55 65 409
55 66 323
55 67 78
55 68 352
55 69 339
55 70 371
55 71 76
55 72 308
55 73 312
55 74 358
55 75 44
55 76 258
55 77 363
55 78 326
55 79 86
55 80 327
55 81 324
55 82 306
55 83 33
55 84 284
55 85 324
55 86 297
55 87 31
55 88 299
55 89 340
55 90 340
55 91 24
55 92 287
55 93 311
55 94 310
55 95 32
55 96 368
55 97 368
55 98 377
55 99 63
56 57 157
56 58 268
56 59 343
56 60 82
56 61 237
56 62 228
56 63 424
56 64 80
56 65 193
56 66 280
56 67 413
56 68 36
56 69 161
56 70 263
56 71 385
56 72 37
56 73 214
56 74 246
56 75 344
56 76 84
56 77 173
56 78 209
56 79 342
56 80 17
56 81 168
56 82 251
56 83 367
56 84 73
56 85 141
56 86 256
56 87 373
56 88 53
56 89 196
56 90 279
56 91 337
56 92 103
56 93 181
56 94 259
56 95 356
56 96 36
56 97 242
56 98 271
56 99 386
57 58 409
57 59 298
57 60 129
57 61 101
57 62 370
57 63 366
57 64 112
57 65 79
57 66 405
57 67 380
57 68 127
57 69 9
57 70 404
57 71 342
57 72 137
57 73 64
57 74 386
57 75 311
57 76 152
57 77 33
57 78 345
57 79 291
57 80 146
57 81 14
57 82 375
57 83 343
57 84 111
57 85 17
57 86 377
57 87 358
57 88 123
57 89 39
57 90 410
57 91 315
57 92 73
57 93 32
57 94 383
57 95 330
57 96 190
57 97 86
57 98 412
57 99 350
58 59 423
58 60 282
58 61 501
58 62 39
58 63 495
58 64 298
58 65 459
58 66 63
58 67 449
58 68 304
58 69 415
58 70 5
58 71 447
58 72 274
58 73 450
58 74 23
58 75 404
58 76 260
58 77 432
58 78 65
58 79 430
58 80 272
58 81 416
58 82 68
58 83 407
58 84 298
58 85 392
58 86 78
58 87 397
58 88 287
58 89 445
58 90 45
58 91 386
58 92 337
58 93 421
58 94 66
58 95 403
58 96 251
58 97 493
58 98 4
58 99 437
59 60 262
59 61 376
59 62 401
59 63 81
59 64 268
59 65 374
59 66 378
59 67 84
59 68 346
59 69 306
59 70 420
59 71 44
59 72 307
59 73 267
59 74 405
59 75 30
59 76 262
59 77 328
59 78 370
59 79 12
59 80 327
59 81 289
59 82 357
59 83 59
59 84 277
59 85 295
59 86 350
59 87 82
59 88 294
59 89 299
59 90 394
59 91 50
59 92 269
59 93 273
59 94 363
59 95 48
59 96 373
59 97 320
59 98 427
59 99 53
60 61 228
60 62 245
60 63 342
60 64 18
60 65 194
60 66 276
60 67 333
60 68 87
60 69 137
60 70 278
60 71 304
60 72 45
60 73 168
60 74 259
60 75 263
60 76 23
60 77 157
60 78 218
60 79 260
60 80 65
60 81 135
60 82 246
60 83 288
60 84 23
60 85 113
60 86 247
60 87 296
60 88 34
60 89 164
60 90 281
60 91 258
60 92 56
60 93 139
60 94 254
60 95 276
60 96 115
60 97 211
60 98 286
60 99 305
61 62 462
61 63 436
61 64 211
61 65 48
61 66 502
61 67 461
61 68 202
61 69 93
61 70 496
61 71 419
61 72 227
61 73 110
61 74 478
61 75 395
61 76 251
61 77 71
61 78 439
61 79 368
61 80 230
61 81 101
61 82 472
61 83 428
61 84 208
61 85 116
61 86 475
61 87 445
61 88 215
61 89 80
61 90 506
61 91 402
61 92 173
61 93 109
61 94 481
61 95 414
61 96 264
61 97 63
61 98 504
61 99 430
62 63 475
62 64 260
62 65 420
62 66 76
62 67 433
62 68 265
62 69 376
62 70 34
62 71 428
62 72 235
62 73 413
62 74 19
62 75 384
62 76 223
62 77 393
62 78 32
62 79 407
62 80 232
62 81 378
62 82 65
62 83 390
62 84 260
62 85 353
62 86 76
62 87 382
62 88 248
62 89 407
62 90 65
62 91 367
62 92 299
62 93 384
62 94 67
62 95 385
62 96 212
62 97 455
62 98 43
62 99 419
63 64 347
63 65 439
63 66 445
63 67 66
63 68 425
63 69 374
63 70 492
63 71 48
63 72 387
63 73 327
63 74 478
63 75 91
63 76 342
63 77 395
63 78 445
63 79 81
63 80 407
63 81 356
63 82 428
63 83 91
63 84 356
63 85 366
63 86 419
63 87 109
63 88 374
63 89 362
63 90 462
63 91 109
63 92 345
63 93 339
63 94 432
63 95 92
63 96 454
63 97 376
63 98 498
63 99 61
64 65 176
64 66 293
64 67 341
64 68 78
64 69 120
64 70 293
64 71 311
64 72 44
64 73 154
64 74 275
64 75 271
64 76 40
64 77 140
64 78 233
64 79 266
64 80 63
64 81 119
64 82 263
64 83 297
64 84 9
64 85 96
64 86 264
64 87 306
64 88 28
64 89 148
64 90 297
64 91 267
64 92 40
64 93 124
64 94 271
64 95 285
64 96 115
64 97 195
64 98 301
64 99 313
65 66 464
65 67 457
65 68 157
65 69 70
65 70 454
65 71 418
65 72 187
65 73 115
65 74 437
65 75 389
65 76 216
65 77 46
65 78 398
65 79 366
65 80 188
65 81 85
65 82 434
65 83 421
65 84 172
65 85 88
65 86 437
65 87 436
65 88 177
65 89 78
65 90 466
65 91 393
65 92 141
65 93 100
65 94 442
65 95 407
65 96 218
65 97 89
65 98 463
65 99 426
66 67 396
66 68 315
66 69 412
66 70 63
66 71 397
66 72 277
66 73 439
66 74 62
66 75 356
66 76 253
66 77 432
66 78 75
66 79 386
66 80 280
66 81 410
66 82 30
66 83 356
66 84 295
66 85 388
66 86 30
66 87 344
66 88 287
66 89 439
66 90 19
66 91 337
66 92 332
66 93 413
66 94 21
66 95 353
66 96 271
66 97 486
66 98 64
66 99 386
67 68 419
67 69 389
67 70 447
67 71 43
67 72 377
67 73 351
67 74 434
67 75 71
67 76 329
67 77 411
67 78 404
67 79 93
67 80 397
67 81 372
67 82 381
67 83 46
67 84 350
67 85 377
67 86 372
67 87 52
67 88 366
67 89 383
67 90 414
67 91 76
67 92 347
67 93 357
67 94 385
67 95 57
67 96 440
67 97 404
67 98 452
67 99 31
68 69 130
68 70 299
68 71 389
68 72 48
68 73 188
68 74 282
68 75 349
68 76 98
68 77 139
68 78 245
68 79 343
68 80 37
68 81 140
68 82 286
68 83 375
68 84 69
68 85 112
68 86 291
68 87 383
68 88 54
68 89 166
68 90 315
68 91 345
68 92 87
68 93 154
68 94 294
68 95 363
68 96 64
68 97 210
68 98 308
68 99 391
69 70 410
69 71 350
69 72 143
69 73 66
69 74 392
69 75 320
69 76 160
69 77 24
69 78 351
69 79 299
69 80 150
69 81 18
69 82 382
69 83 352
69 84 117
69 85 24
69 86 384
69 87 367
69 88 128
69 89 36
69 90 417
69 91 324
69 92 80
69 93 37
69 94 391
69 95 338
69 96 193
69 97 81
69 98 418
69 99 358
70 71 444
70 72 269
70 73 445
70 74 18
70 75 401
70 76 255
70 77 427
70 78 60
70 79 427
70 80 267
70 81 411
70 82 66
70 83 404
70 84 293
70 85 387
70 86 77
70 87 394
70 88 282
70 89 440
70 90 45
70 91 383
70 92 332
70 93 416
70 94 64
70 95 400
70 96 246
70 97 488
70 98 9
70 99 434
71 72 349
71 73 310
71 74 430
71 75 45
71 76 302
71 77 372
71 78 397
71 79 51
71 80 369
71 81 333
71 82 379
71 83 45
71 84 320
71 85 340
71 86 371
71 87 66
71 88 337
71 89 343
71 90 414
71 91 61
71 92 313
71 93 317
71 94 384
71 95 44
71 96 414
71 97 362
71 98 450
71 99 18
72 73 189
72 74 251
72 75 308
72 76 51
72 77 158
72 78 212
72 79 305
72 80 20
72 81 147
72 82 248
72 83 332
72 84 38
72 85 120
72 86 251
72 87 339
72 88 17
72 89 176
72 90 279
72 91 302
72 92 73
72 93 156
72 94 256
72 95 321
72 96 71
72 97 223
72 98 277
72 99 350
73 74 427
73 75 285
73 76 190
73 77 77
73 78 385
73 79 258
73 80 201
73 81 50
73 82 409
73 83 319
73 84 156
73 85 77
73 86 409
73 87 337
73 88 172
73 89 38
73 90 446
73 91 293
73 92 116
73 93 34
73 94 418
73 95 305
73 96 249
73 97 57
73 98 454
73 99 320
74 75 387
74 76 237
74 77 409
74 78 42
74 79 412
74 80 249
74 81 393
74 82 57
74 83 391
74 84 275
74 85 369
74 86 68
74 87 382
74 88 264
74 89 422
74 90 48
74 91 369
74 92 314
74 93 398
74 94 57
74 95 387
74 96 231
74 97 470
74 98 27
74 99 420
75 76 260
75 77 343
75 78 353
75 79 42
75 80 327
75 81 304
75 82 337
75 83 33
75 84 280
75 85 307
75 86 330
75 87 55
75 88 296
75 89 316
75 90 373
75 91 21
75 92 277
75 93 289
75 94 342
75 95 20
75 96 372
75 97 340
75 98 408
75 99 42
76 77 180
76 78 195
76 79 261
76 80 69
76 81 158
76 82 223
76 83 284
76 84 45
76 85 136
76 86 224
76 87 289
76 88 47
76 89 187
76 90 258
76 91 253
76 92 80
76 93 162
76 94 231
76 95 272
76 96 112
76 97 234
76 98 264
76 99 302
77 78 369
77 79 321
77 80 164
77 81 39
77 82 402
77 83 375
77 84 137
77 85 45
77 86 404
77 87 390
77 88 146
77 89 40
77 90 435
77 91 347
77 92 102
77 93 56
77 94 410
77 95 361
77 96 203
77 97 74
77 98 436
77 99 380
78 79 376
78 80 211
78 81 352
78 82 53
78 83 360
78 84 234
78 85 328
78 86 63
78 87 352
78 88 224
78 89 381
78 90 71
78 91 336
78 92 273
78 93 357
78 94 59
78 95 354
78 96 197
78 97 429
78 98 69
78 99 388
79 80 325
79 81 282
79 82 365
79 83 71
79 84 274
79 85 289
79 86 358
79 87 94
79 88 292
79 89 291
79 90 401
79 91 62
79 92 265
79 93 266
79 94 370
79 95 60
79 96 373
79 97 311
79 98 434
79 99 63
80 81 156
80 82 251
80 83 352
80 84 56
80 85 129
80 86 255
80 87 358
80 88 35
80 89 184
80 90 281
80 91 321
80 92 88
80 93 168
80 94 259
80 95 340
80 96 52
80 97 231
80 98 275
80 99 369
81 82 381
81 83 336
81 84 118
81 85 28
81 86 382
81 87 351
81 88 131
81 89 29
81 90 416
81 91 308
81 92 79
81 93 19
81 94 389
81 95 322
81 96 202
81 97 77
81 98 419
81 99 341
82 83 339
82 84 265
82 85 359
82 86 11
82 87 329
82 88 257
82 89 410
82 90 39
82 91 319
82 92 302
82 93 383
82 94 8
82 95 336
82 96 243
82 97 457
82 98 71
82 99 369
83 84 306
83 85 339
83 86 331
83 87 23
83 88 322
83 89 349
83 90 373
83 91 30
83 92 306
83 93 322
83 94 343
83 95 14
83 96 394
83 97 373
83 98 410
83 99 30
84 85 94
84 86 267
84 87 315
84 88 20
84 89 147
84 90 299
84 91 276
84 92 40
84 93 125
84 94 273
84 95 294
84 96 108
84 97 195
84 98 302
84 99 322
85 86 360
85 87 353
85 88 105
85 89 56
85 90 393
85 91 310
85 92 57
85 93 44
85 94 367
85 95 325
85 96 174
85 97 103
85 98 395
85 99 346
86 87 320
86 88 260
86 89 411
86 90 44
86 91 311
86 92 304
86 93 384
86 94 13
86 95 327
86 96 250
86 97 457
86 98 81
86 99 360
87 88 330
87 89 366
87 90 362
87 91 43
87 92 317
87 93 338
87 94 332
87 95 35
87 96 399
87 97 392
87 98 400
87 99 49
88 89 160
88 90 290
88 91 292
88 92 56
88 93 140
88 94 266
88 95 310
88 96 88
88 97 208
88 98 290
88 99 338
89 90 445
89 91 322
89 92 108
89 93 30
89 94 418
89 95 335
89 96 229
89 97 48
89 98 449
89 99 352
90 91 354
90 92 337
90 93 419
90 94 32
90 95 370
90 96 268
90 97 492
90 98 46
90 99 403
91 92 276
91 93 295
91 94 323
91 95 20
91 96 364
91 97 349
91 98 389
91 99 53
92 93 85
92 94 311
92 95 293
92 96 139
92 97 156
92 98 341
92 99 318
93 94 392
93 95 308
93 96 215
93 97 74
93 98 425
93 99 326
94 95 340
94 96 251
94 97 465
94 98 68
94 99 373
95 96 383
95 97 360
95 98 406
95 99 34
96 97 274
96 98 254
96 99 414
97 98 497
97 99 373
98 99 440
